-------------------------------------------------------------------------------------------------------------------------------------------------
      frequency   iteration   mesh size   DOF count     setup,s     solve,s  mesh err,s    refine,s     total,s   relative error absolute H error
-------------------------------------------------------------------------------------------------------------------------------------------------
          9e+09           1          30          63       1.673     0.02967    0.003926   0.0002455       1.707                          8.21e-06
                          2          99         167       1.683     0.03549    0.007242   0.0004846       1.727            1.994        1.559e-05
                          3         141         230       1.675     0.03629    0.007363   0.0004485       1.719            1.665            3e-05
                          4         202         320       1.736     0.04335    0.007512   0.0005028       1.787            1.175        2.228e-05
                          5         355         516       1.696     0.05489     0.01103   0.0004334       1.763           0.8301        1.378e-05
                          6         390         567       1.698     0.05907     0.01107   0.0004499       1.769           0.3414        1.256e-05
                          7         486         685        1.71     0.06623     0.01167   0.0004987       1.788           0.2595         1.01e-05
                          8         649         905        1.72     0.08067     0.01395   0.0005025       1.815           0.1814        8.745e-06
                          9         855        1202       1.752      0.1001      0.0156    0.000626       1.868           0.1404        1.056e-05
                         10        1083        1528       1.785      0.1147     0.02005   0.0006171        1.92           0.2111        1.142e-05
                         11        1361        1889        1.77      0.1252     0.02208   0.0008004       1.918           0.1872        6.696e-06
                         12        1718        2353       1.791      0.1685      0.0304   0.0008693       1.991          0.08083        6.573e-06
                         13        2062        2794       1.801      0.1964     0.03421     0.00105       2.033          0.02884        4.736e-06
                         14        2594        3497       1.804      0.2795     0.04651    0.001145       2.131          0.07133        4.456e-06
                         15        3366        4544       1.801      0.3492     0.05558    0.001641       2.208          0.08607        4.432e-06
                         16        4186        5601        1.88      0.5068     0.06425     0.00189       2.453          0.08924         3.32e-06
                         17        5593        7409       1.884      0.7509      0.0918     0.00217       2.729          0.06657        3.462e-06
                         18        7435        9704       1.896      0.9207      0.1162    0.002659       2.936           0.0587        1.729e-06
                         19        9316       12082       1.996       1.702      0.1268     0.00278       3.828          0.04416        2.088e-06
                         20       11455       14739       1.977       2.031      0.1559    0.003178       4.168          0.03205        1.015e-06
                         21       13787       17623       2.005       2.486      0.1906    0.003894       4.685          0.01611        7.081e-07
                         22       17064       21687        2.03        3.13      0.2373     0.00518       5.403          0.01793        6.804e-07
                         23       23409       29515       2.157       4.313      0.3303    0.007599       6.808          0.01123        6.786e-07
                         24       32426       40692       2.126       5.815      0.4967     0.01161       8.449          0.01809        6.414e-07
                         25       45282       56253       2.187       8.287      0.7236     0.01336       11.21          0.02009        6.963e-07
                         26       58746       72566       2.359       11.27      0.9688     0.01902       14.62          0.02087        6.424e-07
                         27       73003       89829       2.466       13.92       1.337      0.0216       17.75           0.0125        4.602e-07
                         28       90249      110973        2.82       18.91       1.721     0.02544       23.48          0.01315        2.637e-07
                         29      106463      130769       2.883       23.33       2.175     0.03508       28.43         0.005706        1.743e-07
                         30      136493      166866       3.284       33.93       3.055     0.05217       40.32         0.004592        1.459e-07
                         31      193402      235669       3.438       50.58       5.259     0.07417       59.36          0.00457        1.555e-07
                         32      264330      321203        3.67       74.11       8.615      0.1082       86.51         0.004011         1.18e-07
                         33      358711      434037       4.613       116.4       13.98      0.1566       135.2         0.005691        1.439e-07
                         34      467777      563714        5.26       186.3       22.17      0.2016       213.9         0.004583        1.459e-07
                         35      583666      702271        7.73       283.2       32.27      0.2519       323.4         0.004813        1.019e-07
                         36      708018      851623       8.772       418.5       45.24      0.3029       472.8         0.003087        1.171e-07
                         37      836348     1004867        8.88       553.2       61.34      0.4407       623.8         0.002101        4.494e-08
                         38     1069732     1282891       11.98       939.2       95.73      0.6568        1048         0.002637        4.488e-08
                         39     1469442     1763969       13.88        1340       169.8       1.064        1525         0.001753        3.447e-08
                         40     2023783     2424686       17.12        2168       309.6   0.0003685        2495         0.001409        4.268e-08
