-------------------------------------------------------------------------------------------------------------------------------------------------
      frequency   iteration   mesh size   DOF count     setup,s     solve,s  mesh err,s    refine,s     total,s   relative error absolute H error
-------------------------------------------------------------------------------------------------------------------------------------------------
          9e+09           1          30         735       1.944     0.09268     0.04866   0.0001289       2.085                         1.737e-05
                          2          79        1773       1.796      0.2344      0.1579   0.0003701       2.189            0.239        3.227e-05
                          3         121        2637       1.855      0.3411      0.1726   0.0003891       2.369             0.23        2.484e-05
                          4         162        3480       1.834      0.5183      0.2783   0.0003725       2.631          0.02046         1.77e-05
                          5         213        4542       1.893      0.6585      0.2272   0.0003672       2.779          0.04828        4.792e-06
                          6         241        5103       1.884      0.6704      0.2862   0.0004171       2.841         0.009214        3.488e-06
                          7         315        6540       1.876       1.105      0.4792   0.0003911        3.46         0.002997        3.354e-06
                          8         358        7401       1.922       1.089      0.4821    0.000437       3.493         0.003659        2.374e-06
                          9         475        9615       1.909       1.718      0.5348    0.000414       4.163         0.003536        1.687e-06
                         10         552       11181       1.986        1.55      0.6007   0.0004591       4.137         0.003888        1.509e-06
                         11         684       13833       2.055       1.991      0.8484   0.0004703       4.894        0.0007146        1.524e-06
                         12         868       17466       2.065       2.371      0.8717   0.0007893       5.309         0.002209        1.316e-06
                         13        1053       21144       2.115       2.809      0.9968   0.0005974       5.921         0.000276        1.264e-06
                         14        1245       24969        2.13       3.433       1.396   0.0007829        6.96        0.0005269         1.15e-06
                         15        1417       28521       2.153        3.75        1.42   0.0007462       7.325        0.0003913        4.032e-07
                         16        1799       35769       2.344       5.315       1.932   0.0007901       9.591         0.001648        2.704e-07
                         17        2198       43371       2.347       6.295       2.245    0.001093       10.89        0.0002463        2.087e-07
                         18        2860       55977       2.479       9.064       3.684     0.00116       15.23        0.0003912        1.873e-07
                         19        3259       63612       2.485        10.5       4.217    0.001471        17.2        4.971e-05        1.065e-07
                         20        4135       80478       2.653       13.54       4.819    0.001595       21.02        0.0001838        1.312e-07
                         21        5013       97434       2.912       18.16       6.296    0.001642       27.37        0.0001784        7.413e-08
                         22        6159      119592       3.012       22.88       7.455    0.001798       33.35        0.0003164        7.463e-08
                         23        7829      151440       3.123       30.14       8.362    0.002394       41.63        0.0001584        6.306e-08
                         24        9585      185025       3.142       43.18       11.84    0.002548       58.16        6.134e-05         5.83e-08
                         25       11151      215271       3.208       56.03       12.97     0.00288       72.21        5.418e-06        5.107e-08
                         26       12747      245937       3.263       64.95       15.22    0.003957       83.44        4.641e-05        2.213e-08
                         27       15745      302448       3.953       94.91        20.2    0.004611       119.1        0.0004895        1.907e-08
                         28       20028      382935       4.486         135       25.27    0.005371       164.8        0.0002186        1.252e-08
                         29       23942      456474       4.711       195.5          30    0.007161       230.2        2.301e-05        1.172e-08
                         30       27291      519537       4.834       234.9       39.64    0.007759       279.4        1.139e-06        7.232e-09
                         31       33359      634035       5.567       311.4       44.35     0.01229       361.4        3.749e-05        6.947e-09
                         32       42913      812946       6.001       480.4       62.35     0.01348       548.7        1.173e-05        4.871e-09
                         33       52114      986796       6.387       641.7       79.43     0.01824       727.5         5.61e-06        4.292e-09
                         34       63773     1207332       6.628       949.9       96.63     0.02151        1053         6.93e-06        3.833e-09
                         35       76478     1445727       6.743        1468       118.4     0.02596        1594        6.422e-06        3.602e-09
                         36       90008     1700511       6.786        2223       145.1     0.02715        2375        2.042e-06        2.917e-09
                         37      102439     1937475       7.631        2953         159     0.03422        3120        2.762e-05        1.289e-09
                         38      121691     2297826       9.307        4136         187     0.03795        4332        3.681e-05        8.145e-10
                         39      151349     2851341       12.14        6085         203     0.04932        6301        4.075e-05        6.422e-10
                         40      182495     3431220        13.1        9584       284.2   0.0003299        9882        5.676e-06        5.464e-10
