-------------------------------------------------------------------------------------------------------------------------------------------------
      frequency   iteration   mesh size   DOF count     setup,s     solve,s  mesh err,s    refine,s     total,s   relative error absolute H error
-------------------------------------------------------------------------------------------------------------------------------------------------
          9e+09           1          30        2735       2.561      0.7829       1.245   0.0001097       4.588                         7.426e-06
                          2          87        7340       2.032        2.99       4.627   0.0004624        9.65         0.008836        2.709e-06
                          3         145       12075       2.127       4.948       7.705   0.0004529       14.78        0.0007998        4.956e-06
                          4         196       16250        2.29       5.384       7.846   0.0004294       15.52        0.0006295        4.541e-06
                          5         225       18670       2.444       6.962       10.25   0.0004514       19.66        0.0003148        5.777e-07
                          6         253       20905       2.392       7.418       12.58   0.0003613       22.39        2.497e-05        2.971e-07
                          7         294       24210       2.577       7.868       12.65   0.0005159       23.09         0.000271        1.953e-07
                          8         359       29285       2.474       11.74       22.35   0.0004475       36.57        3.099e-06         1.45e-07
                          9         476       38280       2.546       14.16        25.3   0.0004508          42        4.422e-06        9.513e-08
                         10         563       45275       2.784        16.5       28.59   0.0004659       47.87        2.261e-05        1.352e-07
                         11         635       51020        3.16       17.28       28.69    0.000725       49.14        4.539e-06        1.374e-07
                         12         765       61440       3.447       20.16        32.7    0.000678       56.31        1.622e-05        7.412e-08
                         13         960       77205       3.884       26.26       41.86   0.0009197          72        2.619e-05        6.267e-08
                         14        1120       89745       3.815       33.67       54.67   0.0006076       92.15        1.909e-07        5.548e-08
                         15        1309      104745        3.87       38.17       57.77   0.0008614       99.81        3.921e-07        4.535e-08
                         16        1491      119275       3.964       47.72       74.03     0.00111       125.7        4.195e-05        1.131e-08
                         17        1841      145965       4.024       66.68       91.25    0.001435         162        1.022e-07        7.598e-09
                         18        2317      182530       3.974       95.23       124.6    0.001696       223.8        7.102e-08        4.968e-09
                         19        2876      225655        3.95       131.6         198    0.001677       333.5        1.617e-08        3.416e-09
                         20        3420      267835       5.285       149.5       198.6    0.001786       353.4         2.41e-06        3.282e-09
                         21        4259      333395        6.69       192.4       213.1    0.002061       412.2        2.268e-06        2.352e-09
                         22        5244      410595       7.446       241.3       227.5    0.002304       476.3        6.056e-07        1.855e-09
                         23        6241      487625       7.428       304.7       265.5    0.002864       577.6         1.49e-09        1.093e-09
                         24        7799      608945       8.272       489.1       389.4    0.003338       886.8        4.126e-06        7.769e-10
                         25        9228      721080       8.744       633.7       486.2    0.003912        1129         1.32e-07        5.578e-10
                         26       11463      894125       8.727       865.1       573.6    0.004343        1447         5.86e-09        4.881e-10
                         27       14812     1149825       10.37        1186         580    0.005851        1776        2.337e-06        2.249e-10
                         28       18129     1403425       10.55        1955       886.7    0.007022        2852        2.143e-10        1.062e-10
                         29       22545     1741310       11.44        2764        1160    0.008488        3935        6.334e-08        6.366e-11
                         30       26158     2018145       13.68        3670        1365    0.008679        5049        6.556e-08        5.365e-11
                         31       32163     2483345       19.98        5244        1482      0.0109        6745        1.478e-07        3.295e-11
