-------------------------------------------------------------------------------------------------------------------------------------------------
      frequency   iteration   mesh size   DOF count     setup,s     solve,s  mesh err,s    refine,s     total,s   relative error absolute H error
-------------------------------------------------------------------------------------------------------------------------------------------------
          9e+09           1          30       13599       5.861       49.49       63.27   0.0002004       118.6                         1.267e-06
                          2         109       46845       4.332       212.5       273.8    0.007116       490.7        2.605e-06        7.065e-07
                          3         163       69840       5.942       331.7       416.2   0.0004882       753.8        2.085e-07        5.898e-07
                          4         192       82314       8.224       360.8       460.6   0.0005528       829.6        7.059e-08        5.864e-07
                          5         308      129915        8.06       731.1       902.4   0.0006447        1641        5.225e-10        5.119e-07
                          6         412      173142       8.288       853.1        1055    0.000698        1917        4.582e-10        4.967e-07
                          7         558      233118       8.583        1389        1782    0.000859        3179        1.593e-09        4.547e-07
                          8         695      289674       8.589        2189        2868   0.0008884        5066        1.223e-10        3.235e-07
                          9         873      363852       10.94        2308        2892    0.001006        5211        5.625e-09         3.07e-07
                         10        1063      443097       15.08        2594        3224     0.00104        5833        8.954e-09        4.269e-07
                         11        1308      545274       17.34        2949        3408    0.001202        6375        1.327e-09        2.554e-07
                         12        1743      724788       17.71        3602        3995    0.001395        7615        7.791e-10        3.103e-07
                         13        2210      916200       20.27        5434        6223     0.00176   1.168e+04        8.569e-10        1.932e-07
