-------------------------------------------------------------------------------------------------------------------------------------------------
      frequency   iteration   mesh size   DOF count     setup,s     solve,s  mesh err,s    refine,s     total,s   relative error absolute H error
-------------------------------------------------------------------------------------------------------------------------------------------------
          9e+09           1          30        4458       3.146       2.181       3.409   0.0004384       8.736                         1.518e-06
                          2          95       13152       2.266       9.415       15.79    0.006777       27.48         0.001839        7.245e-07
                          3         152       20826       2.565       11.95       19.86   0.0004435       34.38        5.505e-05        1.226e-06
                          4         199       27228       2.787       18.35       32.87   0.0005187       54.01        6.826e-05        1.119e-06
                          5         229       31392       2.935       19.13       33.37     0.00039       55.44        3.246e-05        6.242e-08
                          6         266       36252       2.947       23.35       39.11   0.0005307       65.41        4.331e-07        5.983e-08
                          7         303       41112        3.08       24.01       39.13   0.0006413       66.23        4.179e-05        3.106e-08
                          8         396       53286       3.051       43.86       77.35   0.0006354       124.3        1.341e-07        2.051e-08
                          9         456       61266       3.557       45.03       77.76   0.0006794       126.3        3.924e-06        2.694e-08
                         10         547       73302       3.614       54.08       82.68   0.0007532       140.4        7.138e-08         2.06e-08
                         11         763      101418       3.499       62.89       93.35   0.0006608       159.7        3.086e-07        1.803e-08
                         12         866      114894       3.682       85.47         129    0.000905       218.2        6.434e-07        1.612e-08
                         13        1017      134748       4.054         105       158.3   0.0008939       267.3        3.775e-06         9.64e-09
                         14        1303      172536       5.025       123.4       160.8    0.000933       289.2        3.705e-06        7.271e-09
                         15        1551      205488        6.12       131.9       163.5    0.000973       301.5        5.753e-06        7.433e-09
                         16        1748      231222       6.824       154.8       193.4    0.001173       354.9         1.84e-06        1.826e-09
                         17        2119      278838       6.756         236       302.7    0.001483       545.5        5.341e-10        9.096e-10
                         18        2654      347292       6.888       325.9       406.7    0.001675       739.5         2.99e-10        6.733e-10
                         19        3331      435444       9.146       407.1       461.5    0.001706       877.7        2.777e-07        5.126e-10
                         20        4146      541218       9.852       483.5       468.1    0.001821       961.4        1.264e-07        3.417e-10
                         21        5080      661566       10.98       620.1       574.5    0.002254        1205        1.717e-08        1.816e-10
                         22        6508      845244        10.9       912.4       681.8    0.003045        1605        1.164e-10         1.54e-10
                         23        8314     1078188       11.19        1423        1119    0.003325        2553        2.615e-09        1.082e-10
                         24       10048     1301976       12.07        2031        1321    0.004685        3364        9.484e-08        8.638e-11
                         25       13220     1713090       15.34        3187        1827    0.005285        5030        1.673e-08        7.596e-11
