-------------------------------------------------------------------------------------------------------------------------------------------------
      frequency   iteration   mesh size   DOF count     setup,s     solve,s  mesh err,s    refine,s     total,s   relative error absolute H error
-------------------------------------------------------------------------------------------------------------------------------------------------
          9e+09           1          30       18270       8.197       146.3       182.1   0.0004409       336.6                         1.149e-05
                          2          84       49130       5.798       529.7         692    0.006529        1228        1.809e-07        1.215e-05
                          3         144       83190       5.914       721.4       910.9    0.000491        1638        1.726e-07        3.038e-06
                          4         174      100690       9.037       929.4        1182   0.0005527        2120        1.305e-08        3.558e-06
                          5         233      133880       9.042        1170        1485   0.0005547        2664        5.691e-10         2.72e-06
                          6         277      159110       11.75        1304        1661   0.0006512        2976        6.707e-09        2.574e-06
                          7         368      209750       11.65        1943        2427   0.0006647        4382        2.749e-09        2.037e-06
                          8         462      262260       11.95        2147        2704   0.0007426        4863        2.994e-09        2.038e-06
                          9         620      351230       13.78        3238        3984   0.0007987        7236        4.384e-09         2.18e-06
                         10         850      480150       14.15        4338        5303   0.0008885        9656        1.081e-08        1.487e-06
                         11        1097      618320       14.94        5438        6425   0.0009951   1.188e+04        3.547e-09        1.285e-06
                         12        1337      752640       15.42        7564        8974    0.001067   1.655e+04        2.864e-09        1.034e-06
