-------------------------------------------------------------------------------------------------------------------------------------------------
      frequency   iteration   mesh size   DOF count     setup,s     solve,s  mesh err,s    refine,s     total,s   relative error absolute H error
-------------------------------------------------------------------------------------------------------------------------------------------------
          9e+09           1          30        6783       3.712       6.213       8.482   0.0003123       18.41                          5.67e-07
                          2          74       15995       3.213       22.44       37.07    0.006512       62.72        9.964e-05        1.063e-06
                          3         123       26299       3.753       30.87        47.2   0.0004883       81.83        9.923e-05         3.03e-07
                          4         170       35987       3.901       51.72       83.74   0.0005176       139.4        4.638e-06         2.77e-07
                          5         207       43652       3.867       53.21       84.72   0.0005621       141.8        3.993e-06        4.985e-08
                          6         259       54173        3.84       82.17       130.5   0.0005685       216.5         4.45e-08        3.415e-08
                          7         309       64246       3.925       87.25       134.7   0.0005981       225.8          2.8e-08         2.33e-08
                          8         364       75362       3.924       100.9       151.3   0.0006045       256.2        3.205e-08        1.244e-08
                          9         389       80717       4.435       102.4       150.8   0.0006329       257.6        8.587e-07        2.307e-08
                         10         494      101955       5.616         137       202.4   0.0007077         345        5.557e-07        1.289e-08
                         11         622      127631       6.153       153.9       210.8    0.000802       370.9        4.679e-07        9.717e-09
                         12         861      175770        6.22       221.5       281.3   0.0009689       509.1        2.524e-08        9.967e-09
                         13        1078      219527       7.043       376.8       545.9    0.001067       929.7        1.444e-07        7.049e-09
                         14        1368      277879       7.316       464.2       606.2    0.001052        1078        5.201e-08         5.57e-09
                         15        1705      346038       8.197       521.9       632.6    0.001372        1163        1.571e-08        5.389e-09
                         16        2272      460047       10.99       732.2         880    0.001442        1623        3.941e-08        7.278e-09
                         17        2928      591969       12.87       936.9        1046    0.001764        1996        1.488e-08        5.161e-09
                         18        3743      754299       14.24        1367        1424    0.001983        2805        6.916e-10        3.694e-09
                         19        4957      995813       15.22        1907        1779    0.002383        3702        2.304e-09        3.178e-09
                         20        6497     1304065        17.1        2637        2097    0.002941        4751        2.512e-09        3.322e-09
