-------------------------------------------------------------------------------------------------------------------------------------------------
      frequency   iteration   mesh size   DOF count     setup,s     solve,s  mesh err,s    refine,s     total,s   relative error absolute H error
-------------------------------------------------------------------------------------------------------------------------------------------------
          9e+09           1          30        1524       2.136      0.2395      0.2259   0.0001287       2.602                         1.493e-05
                          2          74        3500        1.93      0.7472      0.7621   0.0003553       3.439          0.02816        2.673e-05
                          3         108        5032       2.007       1.005      0.7535   0.0003428       3.766          0.02688        1.795e-05
                          4         166        7572       2.056       1.798       1.387     0.00035       5.242         0.004059        1.651e-05
                          5         207        9384       2.062       2.078       1.327   0.0004295       5.467         0.002572        1.636e-05
                          6         227       10288       2.056       1.952       1.689   0.0003315       5.698         0.001345        1.563e-06
                          7         253       11476       2.123       2.096       1.586   0.0003629       5.805        0.0003113        1.403e-06
                          8         290       13056       2.131        2.31       1.778   0.0003551        6.22         0.000275        1.314e-06
                          9         319       14292       2.153       2.712       2.236   0.0003699       7.101        0.0002406        1.191e-06
                         10         345       15388       2.132       2.863       2.341   0.0004355       7.336        0.0003012        1.092e-06
                         11         407       17988       2.162       3.784       3.063   0.0004272        9.01        0.0001076        8.277e-07
                         12         493       21784       2.364       4.171       3.408   0.0004451       9.943         0.000451        6.754e-07
                         13         568       25076       2.365       4.648       4.165   0.0004319       11.18        0.0001257        6.718e-07
                         14         627       27680       2.422       5.019       4.883   0.0007575       12.32        0.0002039        5.667e-07
                         15         890       38824       2.525       7.048       6.797   0.0007692       16.37        0.0005387        3.977e-07
                         16        1069       46628       2.573       9.032       8.622    0.000564       20.23        0.0001339        3.773e-07
                         17        1285       55960       2.689       9.777       9.359   0.0006356       21.83        0.0003764        2.566e-07
                         18        1442       62644       2.721       13.01       12.62   0.0008369       28.34        1.223e-05        1.806e-07
                         19        1646       71340       2.904       13.43       12.63   0.0009044       28.96         0.000951        7.106e-08
                         20        1988       85404       2.968       19.49       17.56   0.0008397       40.02        5.822e-06        4.522e-08
                         21        2338      100220       3.254        24.1       20.06    0.001067       47.42        8.172e-06        3.077e-08
                         22        2768      118188       3.494       30.22       23.89    0.001255        57.6        8.002e-06        2.795e-08
                         23        3326      141768       3.758       38.39       31.53    0.001239       73.68         1.78e-05        1.972e-08
                         24        4093      174396       4.084       50.76       32.56    0.001453        87.4        1.408e-05        1.739e-08
                         25        4985      211268       4.265       65.78       41.32    0.002118       111.4        2.754e-06        1.257e-08
                         26        6321      266636       4.285        92.2       53.25     0.00216       149.7        3.291e-06        9.679e-09
                         27        7771      328988        4.91       117.8       60.28    0.002326         183        5.014e-05        9.367e-09
                         28        8997      380652        5.03       140.1       75.64    0.003226       220.7        2.248e-06        6.117e-09
                         29       10362      438464       4.961       170.1       87.68    0.003357       262.7        6.082e-06        5.156e-09
                         30       12175      512376       5.053         239       104.9    0.003908       348.9        1.646e-08        3.869e-09
                         31       13764      578548       6.388       293.4       112.7    0.005218       412.5        7.812e-06        1.634e-09
                         32       17686      739236       6.455         499       143.3    0.006457       648.8        2.691e-06        9.238e-10
                         33       21776      907388        7.22       780.7       206.1     0.00681       994.1        6.629e-06        6.552e-10
                         34       25205     1048932       8.041        1084       224.5    0.008284        1317        1.236e-06         5.61e-10
                         35       29893     1242804       9.511        1428         270    0.009733        1707         6.26e-07         4.22e-10
                         36       35615     1482956       11.03        1744       295.7     0.01329        2050        2.462e-07        4.424e-10
                         37       45047     1868396       11.07        2731       453.8     0.01533        3195        4.372e-09        3.607e-10
