-------------------------------------------------------------------------------------------------------------------------------------------------
      frequency   iteration   mesh size   DOF count     setup,s     solve,s  mesh err,s    refine,s     total,s   relative error absolute H error
-------------------------------------------------------------------------------------------------------------------------------------------------
          9e+09           1          30        9800       4.805       16.37       22.93   0.0003626       44.11                         4.687e-07
                          2          74       23224       4.205       62.28        94.6    0.006996       161.1         1.37e-05        7.778e-07
                          3         134       41208       4.238       86.49       118.8   0.0004273       209.5        1.361e-05        2.419e-07
                          4         175       53616       4.215       102.1         146   0.0005539       252.3        5.308e-07        1.985e-07
                          5         329       98872       4.256       301.6       431.8   0.0006099       737.6        3.205e-09        2.409e-07
                          6         359      108168       4.721       300.9         432   0.0006718       737.6        7.142e-07        1.532e-07
                          7         435      130776       4.833       345.5       485.4   0.0006608       835.7        1.892e-10        1.346e-07
                          8         527      158360       6.273       363.6       489.2    0.000699         859        5.309e-08        1.361e-07
                          9         594      178104        7.75         368       491.7   0.0007278       867.5        2.987e-08            1e-07
                         10         694      207656       7.657       432.2       573.8   0.0007611        1014         4.67e-08        9.996e-08
                         11         885      263760         7.8       580.7       731.6   0.0009354        1320        2.733e-08        7.274e-08
                         12        1204      357376         7.9       951.5        1202    0.001024        2162        1.763e-08        6.752e-08
                         13        1473      436512       7.979        1116        1323    0.001304        2447        1.217e-08        5.617e-08
                         14        1972      584064       12.43        1924        2386    0.001298        4323        8.782e-09         5.09e-08
                         15        2411      712496          13        2065        2412    0.001608        4490        2.549e-08        4.311e-08
                         16        3355      988528       15.85        2902        3113     0.00191        6031        3.268e-09        4.544e-08
                         17        4382     1287264       18.27        4324        4185    0.006522        8527        4.876e-10        4.581e-08
