-------------------------------------------------------------------------------------------------------------------------------------------------
      frequency   iteration   mesh size   DOF count     setup,s     solve,s  mesh err,s    refine,s     total,s   relative error absolute H error
-------------------------------------------------------------------------------------------------------------------------------------------------
          9e+09           1          30         278       1.774     0.04474     0.01526   0.0001675       1.834                         8.635e-05
                          2          90         742       1.711     0.08988     0.03749   0.0003662       1.838           0.5884        4.289e-05
                          3         127        1024       1.793      0.1019     0.03857   0.0003895       1.934           0.5117        3.007e-05
                          4         193        1494       1.797      0.1507     0.04587   0.0004251       1.994           0.4196        1.803e-05
                          5         271        2040       1.821      0.2018     0.06376   0.0004013       2.087           0.1168        1.584e-05
                          6         321        2384       1.807      0.2233     0.07215   0.0004471       2.103          0.08298        9.831e-06
                          7         391        2880       1.841      0.2879      0.0794   0.0004061       2.209          0.03697        9.232e-06
                          8         427        3124       1.835      0.3049     0.07971   0.0003976       2.221          0.03497        6.757e-06
                          9         465        3408       1.866      0.2955     0.08115   0.0004681       2.243          0.02864        6.577e-06
                         10         501        3684       1.908      0.3077     0.08159   0.0005693       2.298          0.02263        5.489e-06
                         11         684        4900        1.87      0.6635       0.159   0.0005917       2.694          0.01884        5.258e-06
                         12         864        6108       1.854      0.7228      0.1618   0.0006573       2.739          0.01337        4.141e-06
                         13        1119        7932       1.882       0.925      0.1452   0.0005876       2.953          0.04474        3.663e-06
                         14        1279        9102       2.044      0.9296      0.1763   0.0005842       3.151          0.01054        3.584e-06
                         15        1422       10148       1.934       1.257      0.1944   0.0007361       3.386         0.008098        2.022e-06
                         16        1774       12396       1.934       1.749      0.2652   0.0006649        3.95          0.01148        1.418e-06
                         17        2058       14298       1.982       1.973      0.2884   0.0008386       4.245          0.01117        1.098e-06
                         18        2405       16578       1.978       2.283      0.3226   0.0008796       4.585         0.006637        1.059e-06
                         19        2811       19256       1.991       2.608      0.3988    0.001112       4.998         0.004521        9.389e-07
                         20        3607       24558       2.051       3.397       0.555    0.001303       6.005         0.007395        7.034e-07
                         21        4533       30784       2.124       4.375      0.6125    0.001514       7.113         0.005882        6.309e-07
                         22        5878       39826       2.214       5.489      0.7925    0.001824       8.497         0.002364        5.477e-07
                         23        7133       48290       2.402       6.577      0.9888     0.00251        9.97         0.001522        5.159e-07
                         24        8901       59950       2.241        8.71       1.356    0.002641       12.31         0.002651         5.03e-07
                         25       11001       73606        2.36       11.29       1.584     0.00293       15.23         0.004879         4.15e-07
                         26       12788       86072        2.33       14.08       1.833    0.003797       18.25         0.002282        1.823e-07
                         27       15048      100664       2.409       17.37       2.387     0.00915       22.18         0.001237        1.273e-07
                         28       18264      121696       2.736       23.58       2.677    0.005542          29         0.002134        1.371e-07
                         29       21459      142430       2.769       29.11       3.744    0.006411       35.63        0.0005733        1.254e-07
                         30       26715      176290       2.981       39.88       4.578    0.007648       47.45        0.0006464        1.466e-07
                         31       31898      210154       3.297       48.98       5.467     0.01147       57.76        0.0003702         8.81e-08
                         32       42130      276172       3.262       72.91       7.915     0.01377        84.1        0.0002285        6.916e-08
                         33       54064      354734       3.367       113.6       10.67     0.01638       127.7        0.0001805        6.869e-08
                         34       64881      423644       3.377       133.2       12.93     0.02057       149.5        0.0001176        6.524e-08
                         35       74388      486290       3.613       167.9       15.07     0.02236       186.6        0.0002131        6.235e-08
                         36       88233      574996       3.796       218.4       18.39     0.02776       240.7        0.0002483         5.86e-08
                         37      103261      673922       3.804       327.8       22.03     0.03055       353.7        0.0001551        3.571e-08
                         38      117622      767878       4.378       429.1       26.17     0.03108       459.7        0.0001748        1.816e-08
                         39      134341      876180       5.693       539.5       28.33     0.04065       573.6        0.0003064        1.853e-08
                         40      165801     1078546        6.91       768.2       36.56   0.0002923       811.6        6.791e-05         1.64e-08
