-------------------------------------------------------------------------------------------------------------------------------------------------
      frequency   iteration   mesh size   DOF count     setup,s     solve,s  mesh err,s    refine,s     total,s   relative error absolute H error
-------------------------------------------------------------------------------------------------------------------------------------------------
          5e+10           1        4469       33414       90.86       3.893      0.7784    0.001123       95.53                         9.173e-08
                          2        6162       44368       3.087       5.834        1.39     0.00188       10.31         0.002729        7.207e-08
                          3        7685       54334       3.116       7.061        1.98    0.002263       12.16         0.003423        5.136e-08
                          4        9564       66480       3.263        9.26       2.403    0.002761       14.93         0.001754        3.924e-08
                          5       11837       81312       3.137       11.73       3.835    0.004505       18.71         0.002896        2.745e-08
                          6       14778      100740       3.247       15.52       6.415    0.005136       25.19          0.00179        2.202e-08
                          7       18744      126656       3.465       20.68       8.204    0.005988       32.36         0.001464        1.653e-08
                          8       22809      153148       3.587       28.04       10.89    0.007971       42.52         0.001021         1.29e-08
                          9       29110      194520       4.382       36.55       15.63   0.0002829       56.56         0.000614        1.151e-08
          3e+08           1       29110      194520        1033       46.32                                1079                                  
          1e+09           1       29110      194520       729.6       38.73                               768.3                                  
          2e+09           1       29110      194520       3.462       37.57                               41.03                                  
          3e+09           1       29110      194520        3.52       37.37                               40.89                                  
          4e+09           1       29110      194520       3.599       38.39                               41.99                                  
          5e+09           1       29110      194520       3.641       36.67                               40.31                                  
          6e+09           1       29110      194520       3.532       36.77                                40.3                                  
          7e+09           1       29110      194520       3.568       37.33                                40.9                                  
          8e+09           1       29110      194520       3.594       37.47                               41.07                                  
          9e+09           1       29110      194520       3.634       36.65                               40.29                                  
          1e+10           1       29110      194520       3.645       37.26                               40.91                                  
        1.1e+10           1       29110      194520       3.688        37.6                               41.28                                  
        1.2e+10           1       29110      194520       3.704       37.62                               41.32                                  
        1.3e+10           1       29110      194520       3.756       37.12                               40.88                                  
        1.4e+10           1       29110      194520       3.697       36.43                               40.12                                  
        1.5e+10           1       29110      194520       3.719       37.54                               41.26                                  
        1.6e+10           1       29110      194520       3.751       37.94                               41.69                                  
        1.7e+10           1       29110      194520       3.782       36.95                               40.73                                  
        1.8e+10           1       29110      194520       3.818       36.93                               40.75                                  
        1.9e+10           1       29110      194520       3.818       37.37                               41.19                                  
          2e+10           1       29110      194520       3.857       36.87                               40.73                                  
        2.1e+10           1       29110      194520       3.799       38.52                               42.32                                  
        2.2e+10           1       29110      194520       3.807       37.05                               40.86                                  
        2.3e+10           1       29110      194520       3.899       37.95                               41.84                                  
        2.4e+10           1       29110      194520       3.867       36.82                               40.69                                  
        2.5e+10           1       29110      194520       3.914       36.61                               40.52                                  
        2.6e+10           1       29110      194520       3.928       37.08                               41.01                                  
        2.7e+10           1       29110      194520       3.929       37.34                               41.27                                  
        2.8e+10           1       29110      194520       4.025       37.27                               41.29                                  
        2.9e+10           1       29110      194520       3.998       36.46                               40.46                                  
          3e+10           1       29110      194520       3.973       36.61                               40.58                                  
        3.1e+10           1       29110      194520       3.954       36.22                               40.17                                  
        3.2e+10           1       29110      194520        3.95       37.06                               41.01                                  
        3.3e+10           1       29110      194520        3.92       37.05                               40.97                                  
        3.4e+10           1       29110      194520       4.007        37.1                               41.11                                  
        3.5e+10           1       29110      194520       4.119       37.13                               41.25                                  
        3.6e+10           1       29110      194520       4.048       37.53                               41.57                                  
        3.7e+10           1       29110      194520       4.025       37.68                               41.71                                  
        3.8e+10           1       29110      194520       4.095       36.84                               40.94                                  
        3.9e+10           1       29110      194520       4.116       37.52                               41.63                                  
          4e+10           1       29110      194520       4.156       37.01                               41.17                                  
        4.1e+10           1       29110      194520       4.115       37.57                               41.69                                  
        4.2e+10           1       29110      194520       4.195       36.91                                41.1                                  
        4.3e+10           1       29110      194520       4.164       36.96                               41.12                                  
        4.4e+10           1       29110      194520       4.205        37.6                                41.8                                  
        4.5e+10           1       29110      194520       4.241       37.41                               41.65                                  
        4.6e+10           1       29110      194520       4.205       37.68                               41.88                                  
        4.7e+10           1       29110      194520       4.204       37.13                               41.33                                  
        4.8e+10           1       29110      194520        4.26       37.39                               41.65                                  
        4.9e+10           1       29110      194520       4.198       36.71                               40.91                                  
