-------------------------------------------------------------------------------------------------------------------------------------------------
      frequency   iteration   mesh size   DOF count     setup,s     solve,s  mesh err,s    refine,s     total,s relative S error absolute H error
-------------------------------------------------------------------------------------------------------------------------------------------------
       1.25e+10           1         691        5396        5.43      0.6391     0.05953   0.0004514       6.129                         6.063e-06
                          2        1119        8126        2.18       1.359      0.1442   0.0007449       3.684          0.01291        4.747e-06
                          3        1615       11388       2.175       1.696      0.2321   0.0006981       4.104         0.009353        2.635e-06
                          4        2067       14324       2.297       2.362      0.2297   0.0006856       4.889          0.01339        1.924e-06
                          5        2620       17916       2.276       2.723      0.2453   0.0009587       5.246         0.008686        1.743e-06
                          6        3187       21602       2.277       3.097      0.3649    0.001068        5.74         0.001624        1.163e-06
                          7        3862       26112        2.34       3.773      0.4572   0.0002028       6.571         0.004757        8.386e-07
          1e+10           1        3862       26112       2.282        3.73      0.4417   0.0008515       6.455                         2.097e-07
                          2        4437       30122       2.428       4.097      0.4655   0.0002127       6.992         0.000738        1.301e-07
        8.5e+09           1        4437       30122       2.164       4.108                               6.271                                  
       1.16e+10           1        4437       30122       2.339       4.127                               6.467                                  
       1.25e+10           8        4437       30122       2.446       4.132                               6.577                                  
