-------------------------------------------------------------------------------------------------------------------------------------------------
      frequency   iteration   mesh size   DOF count     setup,s     solve,s  mesh err,s    refine,s     total,s relative S error absolute H error
-------------------------------------------------------------------------------------------------------------------------------------------------
          6e+09           1       10677       75696       4.359       6.966       1.626    0.003961       12.96                         0.0001139
                          2       12891       90130      0.8191       9.138       4.705    0.006599       14.67           0.2419        2.436e-05
                          3       15518      107216      0.8652       11.26       7.895    0.007599       20.03          0.04036        1.219e-05
                          4       18852      128670      0.8825        15.1       9.693    0.007623       25.68          0.07279        9.248e-06
                          5       22979      155282      0.9967       18.78       10.81    0.008517        30.6           0.2867        1.005e-05
                          6       27218      182768       1.351       21.49       12.08     0.01078       34.93           0.3625        8.167e-06
                          7       32407      216480       1.763       28.14       14.25     0.01349       44.16           0.2201         6.12e-06
                          8       38803      257816       1.459       35.89       18.52     0.01397       55.88          0.04685        4.801e-06
                          9       45178      299258       2.286       44.55       20.84     0.01751       67.69          0.05824        4.088e-06
                         10       52323      345536       2.523       51.11       27.16     0.02013       80.81          0.01947        3.933e-06
                         11       59822      394306       1.788       67.73       32.42     0.02801         102          0.01412        2.625e-06
                         12       71738      471370       1.674       96.02       43.66     0.03134       141.4           0.0118        2.191e-06
                         13       83433      547156       1.663       123.2       53.94   0.0001548       178.8         0.002069        1.682e-06
          4e+09           1       83433      547156       1.625       128.1       52.53     0.04968       182.3                         1.113e-05
                          2       98139      642730       1.564       148.1       77.81   0.0001562       227.4         0.001536        6.564e-06
          2e+09           1       98139      642730       1.699         151                               152.7                                  
          6e+09          14       98139      642730       8.377       157.3                               165.7                                  
