-------------------------------------------------------------------------------------------------------------------------------------------------
      frequency   iteration   mesh size   DOF count     setup,s     solve,s  mesh err,s    refine,s     total,s relative S error absolute H error
-------------------------------------------------------------------------------------------------------------------------------------------------
          9e+09           1         382         683       1.771     0.06582     0.01448   0.0002784       1.852                         1.404e-05
                          2         511         853       1.781     0.07542     0.02174   0.0005636       1.878           0.9265        2.245e-05
                          3         700        1097       1.737     0.09107     0.02633   0.0005407       1.855            1.027        8.505e-06
                          4         900        1370       1.776      0.1145     0.02827   0.0006045        1.92           0.3557        6.264e-06
                          5        1225        1800       1.938      0.1384     0.03466   0.0006237       2.112           0.3459        4.597e-06
                          6        1506        2182       1.791      0.1554     0.03939   0.0006771       1.986           0.1396        3.763e-06
                          7        1788        2576       1.855      0.1749     0.04681   0.0007789       2.078          0.03091         2.74e-06
                          8        2212        3158       1.889       0.236     0.05856    0.000846       2.184            0.059        2.204e-06
                          9        2925        4147       2.102      0.2974      0.0653    0.001242       2.466          0.05988        1.828e-06
                         10        3842        5336       1.883      0.4122     0.09859    0.001999       2.396         0.006195        1.444e-06
                         11        5563        7514       1.958      0.5756      0.1645    0.002181         2.7          0.01903        9.131e-07
                         12        7621       10140       1.945       1.347      0.2098    0.002628       3.505            0.039        9.115e-07
                         13        9846       13033       1.999       1.717      0.2454    0.002499       3.963          0.01069         5.98e-07
                         14       12215       16023       1.948       2.394      0.3033    0.002792       4.648         0.006685        4.218e-07
                         15       15701       20504       2.047       2.481      0.3495    0.003709       4.881          0.02081        3.513e-07
                         16       20415       26493       2.071       3.406      0.5407    0.005448       6.023          0.01161        2.677e-07
                         17       26469       34041       2.174       4.599      0.7641    0.007133       7.545         0.009824        1.987e-07
                         18       34759       44159       2.266       6.138       1.092    0.009753       9.505         0.009286         1.54e-07
                         19       46744       58981       2.198       8.141       1.577     0.01354       11.93         0.003714        1.293e-07
                         20       62058       77855       2.289       11.15       2.303     0.01651       15.76         0.004785          9.5e-08
                         21       82368      102811        2.47       14.81       3.178     0.01992       20.48         0.006454        1.762e-07
                         22      107201      133317       2.506       19.63       4.227     0.02793       26.39         0.006542        1.193e-07
                         23      137230      169993        2.63        26.6       6.159     0.03692       35.43         0.003141        7.877e-08
                         24      177303      218632       3.242       36.28       9.228      0.0481        48.8         0.002538        7.304e-08
                         25      224419      275763       3.073       49.32       12.95     0.07353       65.42         0.001635        4.813e-08
                         26      289651      354404       3.289       67.88       21.74      0.1028       93.02         0.002442        4.256e-08
                         27      384957      469418       4.413       96.64       33.81      0.1512         135         0.001815        3.148e-08
                         28      519773      632166       8.166       147.6       56.19      0.1972       212.1         0.002902        5.897e-08
                         29      691286      838684       5.337       217.4       82.78   0.0003163       305.5         0.000707        4.387e-08
