-------------------------------------------------------------------------------------------------------------------------------------------------
      frequency   iteration   mesh size   DOF count     setup,s     solve,s  mesh err,s    refine,s     total,s relative S error absolute H error
-------------------------------------------------------------------------------------------------------------------------------------------------
        1.2e+10           1         718        5696       4.707      0.4838     0.06848   0.0004709        5.26                         1.051e-06
                          2        1080        8130       2.415      0.9002      0.2184    0.001064       3.535          0.05928        3.998e-07
                          3        1593       11626       2.535       1.582      0.3212    0.001165       4.439          0.02071        3.512e-07
                          4        2222       15854       2.545       2.322      0.6037    0.001683       5.472          0.01929        3.078e-07
                          5        3359       23418       2.638       3.644      0.8808    0.002377       7.165         0.009536        1.835e-07
                          6        4878       33530       2.881       5.113       1.381    0.003933       9.379          0.01377         1.54e-07
                          7        6542       44482       3.006       7.372       2.394    0.004734       12.78         0.004242        1.118e-07
                          8        8867       59794       3.126        9.89       3.125    0.007327       16.15         0.003271        8.431e-08
                          9       11655       78204       3.483       13.72       5.044    0.009788       22.26          0.00414        5.693e-08
                         10       15536      103710       3.323       19.23       7.235     0.01502       29.81         0.002238        3.589e-08
                         11       22612      150290       6.067       29.45        11.6     0.01957       47.13          0.00258        4.571e-08
                         12       29162      193282       4.281       40.34       15.66   0.0002231       60.28        0.0009993        2.134e-08
