-------------------------------------------------------------------------------------------------------------------------------------------------
      frequency   iteration   mesh size   DOF count     setup,s     solve,s  mesh err,s    refine,s     total,s relative S error absolute H error
-------------------------------------------------------------------------------------------------------------------------------------------------
        1.2e+10           1         718        5696       4.706      0.4891     0.06828   0.0004801       5.264                         1.051e-06
                          2        1080        8130        2.42      0.9018      0.2188    0.001079       3.541          0.05928        3.998e-07
                          3        1593       11626       2.509       1.602      0.3234    0.001165       4.436          0.02071        3.512e-07
                          4        2222       15854       2.683       2.307      0.6064     0.00168       5.598           0.0193        3.078e-07
                          5        3359       23418       2.664       3.627      0.8567     0.00236       7.149         0.009536        1.835e-07
                          6        4878       33530       2.869       5.259       1.356    0.003904       9.489          0.01368         1.54e-07
                          7        6542       44482       3.011       7.584       2.403    0.004776          13         0.003996        1.118e-07
                          8        8867       59794        3.13       10.28       3.142    0.007342       16.56         0.003258        8.431e-08
                          9       11655       78204       3.539       14.02       4.996    0.009794       22.57          0.00414        5.693e-08
                         10       15536      103710       3.359       19.08       7.209     0.01616       29.67         0.002236        3.589e-08
                         11       22612      150290       6.001       29.67       11.47      0.0194       47.16          0.00258        4.571e-08
                         12       29162      193282       4.351        41.2       15.62   0.0002324       61.17        0.0009993        2.134e-08
