-------------------------------------------------------------------------------------------------------------------------------------------------
      frequency   iteration   mesh size   DOF count     setup,s     solve,s  mesh err,s    refine,s     total,s   relative error absolute H error
-------------------------------------------------------------------------------------------------------------------------------------------------
        1.2e+10           1        1673       14054       12.67        1.31      0.2172   0.0007184        14.2                         3.545e-07
                          2        2416       18988       3.414       1.988      0.7353    0.001217       6.139         0.009807        1.599e-07
                          3        2847       21986       3.402       2.576      0.9641    0.002318       6.944         0.005631         9.53e-08
                          4        4037       29906       3.588       4.092        2.93    0.003137       10.61         0.006157        6.406e-08
                          5        5217       37878       4.663       5.378       4.236    0.005028       14.28         0.003046        5.218e-08
                          6        7688       54122       4.083        8.52       6.465    0.007308       19.08         0.001121        3.374e-08
                          7       10224       70798       4.165       11.43       11.14     0.01034       26.75         0.001716        2.242e-08
                          8       13064       89438       4.872       15.77       17.45     0.01369        38.1         0.002433         2.73e-08
                          9       17329      117306       4.658       21.69       22.41     0.01976       48.78        0.0006761        1.783e-08
                         10       22672      152674       6.419       30.59       34.88     0.02704       71.92         0.001294        1.522e-08
                         11       28890      193968       10.21       40.31       50.92     0.03574       101.5        0.0006071        1.357e-08
                         12       37454      251080       15.75       54.31       67.75     0.04829       137.9         0.001488        1.307e-08
                         13       48533      325738       21.42       72.95       152.1     0.06652       246.5        0.0008327         1.23e-08
                         14       63043      422356       24.49       98.29       202.8     0.08441       325.7        0.0005915        1.044e-08
                         15       79033      530302       33.91       128.4       258.8   0.0003152       421.1        0.0006372        8.431e-09
