-1.04877508950435e-17
-2.53740915883482e-17
-3.39192840448221e-18
-4.78682039000187e-17
-1.23623542605428e-16
-1.08873072869019e-16
-5.95622575833154e-15
3.64291271740256e-15
-5.92766633807316e-15
-7.28582543480512e-15
-6.60039934860394e-15
-4.83098460015127e-14
4.16332881988864e-15
-1.40893139941353e-14
-1.51301461991075e-14
-1.42924032048616e-14
-7.71739000759845e-15
-3.67845332927966e-14
2.78771674410989e-15
1.09541243035485e-14
1.86588212354765e-14
2.74170434480471e-15
-8.40281609379963e-15
-1.30230956378224e-14
-1.05606389577663e-14
-4.0617842145255e-16
-3.68099194441374e-16
5.49292849636222e-15
1.06494904874591e-14
1.26930756703922e-17
1.00021436282691e-14
1.28453925784369e-14
5.61033944631335e-15
-1.98011980458118e-15
5.12800257083845e-15
1.95981088350856e-14
-1.72187344360577e-16
-5.76468421700955e-17
-5.58281924154304e-17
-1.17452764502378e-16
-3.93748179363132e-17
-7.0333542251823e-17
-1.0129074384973e-14
-7.05735007273806e-15
-1.02306189903361e-14
-1.52063046531298e-14
-1.4597037020951e-14
1.07891143198334e-14
1.09414312278781e-14
6.16883477581061e-15
6.76540933231904e-15
5.6991909760061e-15
-6.16883477581061e-15
1.02107860596011e-14
-2.49292006166503e-14
-1.81257120573201e-14
-1.81257120573201e-14
-2.27967639040244e-14
-3.93993068808974e-14
0
-3.75715039843609e-15
1.72625829117334e-15
6.828874710671e-15
1.67040875822361e-14
1.29469371838e-14
-2.2136723969164e-14
-1.92731655964884e-16
-4.5961141826286e-17
-2.73139356639394e-17
-3.77789526572673e-17
-5.3314635130236e-18
-1.23908031513067e-16
-7.0346413670465e-15
-5.35647793290551e-15
-5.12482930192085e-16
-1.27438479730738e-14
4.08558373140749e-16
-9.31671754206787e-15
2.36408534361055e-16
-4.0617842145255e-15
-3.39222447291231e-15
-5.97843864075472e-15
-1.15213461225691e-14
-1.35562048159789e-14
1.25026795353363e-15
-8.32665763977728e-15
-1.78020386277251e-15
-7.38737004016826e-15
5.40407696666948e-15
3.78888308761207e-15
-1.12619313885555e-14
-1.61455922527389e-14
6.23230015416257e-15
-7.20966698078277e-15
4.66470530886913e-15
-1.88492173705324e-15
3.95389307132717e-15
-2.61477358810079e-15
-1.59932753446942e-15
-6.00382479209551e-15
1.36704424970124e-14
-1.65644637498618e-14
9.83713364455395e-16
1.43177893562024e-14
-1.71229590793591e-14
7.26043928346433e-15
-1.13729958006714e-14
4.7218241493859e-15
5.02645796547531e-15
8.55513300184434e-15
1.00529159309506e-14
3.0971104635757e-15
-4.37911110628531e-16
8.58051915318512e-15
-1.9775811894471e-14
7.61584540223532e-16
5.33109178156472e-15
1.26169172163698e-14
-1.49778292910628e-15
2.41168437737452e-15
-1.67548598849177e-15
1.92934750189961e-15
-9.9132920985763e-15
2.56400128541922e-15
-2.48784283139687e-15
-3.19865506893883e-15
2.71631819346393e-15
-1.42162447508393e-15
3.7444573227657e-15
1.24899864596659e-14
1.42162447508393e-14
1.70848798523479e-14
6.08791641841186e-15
-2.67823896645275e-15
-2.01502576267476e-16
-8.75822221257061e-16
-6.71146376071987e-16
-8.7836083639114e-15
7.68129407366078e-16
-8.70744990988905e-15
-2.41961754966851e-16
-9.21517293670473e-15
1.4628769710127e-15
6.41000321354806e-16
-3.92533365106879e-15
-8.27588533709571e-15
1.67548598849177e-15
-8.42820224514042e-15
3.81268260449406e-15
-5.22954717620158e-15
-6.18787438931619e-15
-8.25049918575493e-15
-1.49143639127108e-15
-8.17434073173257e-15
1.01703268809017e-14
-1.75164444251412e-15
-4.83606183041943e-15
-7.00657777005649e-15
2.47514975572648e-16
-1.27946202757553e-14
-1.96742672891079e-14
-1.59678891933534e-14
2.22128824231863e-15
-9.18978678536395e-15
1.75672167278228e-14
2.64015973944158e-15
1.10937481359228e-14
-2.1070505612851e-15
5.76265635435806e-15
-1.05606389577663e-14
7.56507309955375e-15
-1.41400862968169e-14
-6.95580546737492e-15
-6.44808244055924e-15
1.71102660036887e-14
-8.75822221257061e-15
1.45716508696102e-14
-8.19972688307336e-15
1.73387413657557e-14
-3.35097197698354e-15
1.08398866225149e-14
7.38737004016826e-15
1.29977094864816e-14
8.63129145586669e-16
1.1423768103353e-14
-4.03639806318472e-15
1.01798466876545e-14
-1.98773564998342e-14
1.93442473216777e-14
-1.89634550515659e-14
-8.58051915318512e-15
-1.3302343302571e-14
1.6247136858102e-15
-2.42691606817899e-14
-1.41147001454761e-14
-2.18320901530746e-14
-1.63232953121244e-14
-2.35075761415663e-14
-6.93041931603414e-15
-1.52824631071522e-14
-2.85086479557009e-14
-3.0260292398215e-14
-7.1588946781012e-15
-2.1781317850393e-14
-1.76687613331859e-14
-2.44722498925162e-14
-1.22615110975989e-14
-2.06135548887169e-14
-1.035754974704e-14
-1.89888412029067e-14
-1.30230956378224e-14
-1.84303458734095e-14
-1.96234949864263e-14
-2.4015299168382e-14
-9.97675747692827e-15
-1.86334350841357e-14
-2.74932019020695e-14
-3.82315439192213e-14
-2.04612379806722e-14
-3.90439007621264e-14
-2.31521700227954e-14
-1.96996534404487e-14
-4.01577181522033e-15
3.7428706883069e-15
1.35181255889677e-15
-3.07172431223491e-15
-7.89509306698394e-15
-1.25661449136883e-14
-4.56950724134119e-15
-1.18553326761463e-14
-6.52424089458159e-15
-1.17284019194424e-14
-1.58028792096383e-14
-2.73218453805192e-15
-1.14618473303642e-14
-8.31396456410689e-15
-2.41168437737452e-15
-8.17434073173257e-15
1.61202061013981e-14
2.99556585821256e-15
-1.86588212354765e-15
3.43823687221749e-15
-5.39455715991668e-15
3.70637809575452e-15
-8.42820224514042e-15
-2.53861513407844e-15
-1.28707787297777e-14
-9.9164653674939e-15
-7.86970691564316e-16
-9.54519290413493e-15
-9.44364829877179e-15
1.100489660623e-14
-6.26911007360671e-14
1.45843439452806e-14
-1.44701062642471e-14
1.28707787297777e-14
1.01544605363138e-14
1.59171168906718e-14
-1.01798466876545e-14
-5.66111174899492e-15
-8.17434073173257e-15
-9.01208372597846e-15
-1.32007986972079e-14
-1.37085217240236e-14
-5.07596096058984e-14
-1.51555323504483e-14
-1.44574131885767e-14
-1.38608386320683e-14
-1.52063046531298e-14
-1.60313545717053e-14
-3.20703047372314e-17
-2.1938725894301e-17
-1.32795989310114e-16
-9.74179214234256e-17
-7.80062443687512e-17
-7.63625042857713e-17
5.14386891542644e-15
-2.31965957876417e-15
7.00340450113889e-15
7.69200385625767e-15
1.60757803365517e-14
2.91496482770557e-14
1.63232953121244e-14
2.08928025534656e-14
2.07404856454208e-14
1.62979091607836e-14
1.74656721224597e-14
2.21113378178232e-14
-2.23525062555607e-14
-1.71737313820406e-14
-2.17686247747226e-14
-2.29363877363987e-14
-1.63232953121244e-14
9.64673750949807e-16
-3.70637809575452e-15
9.5959652068165e-15
3.42713043100589e-15
6.21960707849218e-15
7.03196392139728e-15
4.3918041819557e-15
-1.45446411812915e-16
-6.75788375619973e-17
-5.74919887894845e-17
-3.69699334295933e-17
-2.20573912352838e-18
-1.59551520549812e-16
1.52316908044706e-15
-1.29977094864816e-14
-1.57901861339679e-14
-1.42162447508393e-14
-2.31775561741361e-14
-1.27438479730738e-14
-4.7154776115507e-15
-5.73092366518208e-15
-4.13159613071266e-15
-3.26846698512599e-16
-2.9305138454018e-15
3.01777874063574e-15
-4.14301989881601e-14
-4.04147529345288e-14
-3.27989075322934e-14
-4.0973248264026e-14
-4.25979619498362e-14
-2.94479355553099e-14
-1.08507247574254e-16
-3.77838466591832e-17
-1.18186062155107e-17
-3.99358125535927e-17
-8.0120020349416e-17
-9.61581499582887e-17
-5.98615579657403e-17
-7.34377998815782e-17
-1.0568764884275e-16
-5.8922292226224e-17
-7.94733123069343e-17
-3.00477402626039e-17
-5.14069564650884e-15
-3.92216038215119e-15
5.5214879166206e-16
6.07998324611786e-15
5.72457712734688e-15
-2.30252392660914e-14
-4.47877385948202e-17
-1.15014126404839e-16
-1.56238154558741e-17
-1.02071802751449e-16
-7.19378753092709e-18
-9.39573064158352e-17
-2.40851110845692e-14
-1.80368605276273e-14
4.65835877103394e-15
-1.33404225295822e-14
-4.08717036586629e-15
-9.41032897513701e-15
1.62725230094428e-14
7.476221569861e-15
7.81893461296159e-15
2.79247664748628e-15
3.83965539029364e-15
-8.65667760720748e-15
-9.63404443382768e-15
-1.49334035262164e-14
1.25153726110067e-14
2.08801094777952e-15
4.74721030072668e-15
-2.18320901530746e-15
-2.39899130170412e-15
-1.58663445879902e-14
1.16776296167608e-15
-5.15973526001443e-15
-4.8741410574306e-15
-1.12524115818027e-14
-3.7444573227657e-15
-1.58536515123199e-14
-3.07172431223491e-15
-1.84049597220687e-14
-7.4889146455314e-16
-1.26042241406994e-14
1.30708930008937e-15
1.79733951492753e-14
3.4152306725649e-16
2.29744669634099e-14
-1.65009983715099e-15
1.69071767929624e-14
-7.45718195635541e-17
4.77259645206746e-15
3.48583590598146e-15
5.75948308544046e-15
3.04713147812353e-15
2.09435748561471e-14
-8.91688565845052e-16
1.53840077125153e-14
-2.94796682444859e-15
8.55513300184434e-15
2.53861513407844e-16
3.05903123656452e-15
4.72817068722109e-16
1.85318904787726e-14
-4.21410112257021e-15
1.24646003083251e-14
-3.87773461730482e-15
5.59764637064296e-15
6.09267632178825e-16
1.45208785669287e-14
-8.37742994245885e-15
4.13794266854786e-15
-8.06010305069904e-15
1.52316908044706e-14
-1.23376695516212e-14
-5.6864979003357e-15
-5.35647793290551e-15
1.26930756703922e-15
9.13901448268238e-15
1.85318904787726e-15
1.54601661665377e-14
-9.06285602866003e-15
1.4692235088479e-15
-1.83161081923759e-14
-6.09267632178825e-15
-7.26043928346433e-15
6.60039934860394e-16
-8.14895458039179e-15
1.40512347671242e-14
-7.46352849419061e-15
6.25768630550335e-15
-1.38862247834091e-14
5.02645796547531e-15
-3.30019967430197e-15
2.53861513407844e-15
-7.61584540223532e-15
9.60865828248689e-15
-1.2718461821733e-14
3.73176424709531e-15
-1.08652727738557e-14
2.42437745304491e-15
-1.72371967603926e-14
1.20584218868726e-15
-5.71188405167649e-15
1.64533993377459e-15
6.47346859190002e-16
-3.99831883617354e-16
4.64566569536354e-15
2.87180837042623e-16
9.36748984474944e-15
2.2728538622296e-16
1.76179890305044e-14
-4.02251501167023e-15
1.35308186646381e-14
-1.60250080338701e-15
2.21176843556584e-15
-2.14195651937868e-15
6.63847857561512e-15
1.72625829117334e-15
1.46731954749734e-14
-5.06136392356889e-16
1.8252642814024e-14
-3.91581384431599e-15
2.68458550428795e-15
-9.51980675279415e-17
1.05225597307551e-14
8.98035103680248e-16
1.41147001454761e-14
-1.20584218868726e-15
7.83162768863198e-15
7.4889146455314e-16
1.50539877450851e-14
6.57501319726316e-15
9.98945055259866e-15
5.57226021930217e-15
-1.84049597220687e-14
2.10831986885214e-14
-1.02052328389953e-14
2.26317539203093e-14
-1.04590943524032e-14
1.79987813006161e-14
-1.73641275170965e-14
1.86715143111469e-14
-2.00169803322085e-14
1.50793738964259e-14
-1.52570769558114e-14
2.32537146281585e-14
-1.63994537661467e-14
1.90903858082699e-14
-1.9547336532404e-14
1.03067774443585e-14
-2.63508250917342e-14
2.12989809749181e-14
-1.7186424457711e-14
2.06389410400577e-14
-2.02327626186052e-14
1.48762846856997e-14
-2.18320901530746e-14
2.01058318619012e-14
-2.3076011568773e-14
1.95981088350856e-14
-2.50307452220134e-14
1.39116109347498e-14
-2.02835349212867e-14
-2.19653674476137e-14
2.84324895016785e-15
-1.01671536119841e-14
1.02560051416769e-14
-7.4825681076962e-15
6.43538936488884e-15
-4.91856682227698e-16
6.13710208663463e-15
-2.19669540820725e-15
-2.53861513407844e-15
-1.43098561839084e-14
8.42820224514042e-15
-6.62459552410063e-15
6.11806247312904e-15
-1.96742672891079e-15
4.64566569536354e-15
-1.42797101291912e-16
5.58495329497257e-16
-6.11171593529384e-15
4.16332881988864e-15
6.79079548365982e-16
6.0165178677659e-15
2.03089210726275e-15
2.90671432851981e-15
3.27481352296119e-15
7.71739000759845e-15
2.83055587449746e-15
4.13794266854786e-15
3.55406118770981e-15
4.0617842145255e-15
-1.02218925008127e-15
2.37836505373974e-15
1.4597037020951e-15
5.07723026815688e-15
1.43114428183672e-15
1.04590943524032e-14
5.40725023558708e-15
1.67802460362585e-14
4.45526956030766e-15
1.79480089979346e-14
-9.90059902290591e-16
1.17093623059368e-15
-8.69475683421865e-16
4.7091310737155e-15
2.48030631771757e-15
1.15506988600569e-14
3.82220241124685e-15
1.52316908044706e-14
-3.83330885245844e-15
5.77534943002845e-16
-1.25661449136883e-15
5.00107181413453e-15
-4.12524959287746e-16
8.32665763977728e-15
-5.50879484095021e-15
8.01250401693507e-16
-3.96023960916236e-15
2.39264476386893e-15
-8.44089532081081e-15
-4.61710627510516e-16
-3.85869500379923e-15
1.33531156052526e-14
-1.55109384692193e-14
1.05606389577663e-14
-1.29723233351408e-14
1.83288012680463e-14
-2.06643271913985e-14
1.70848798523479e-14
-2.03850795266499e-14
1.58409584366495e-14
-1.25661449136883e-14
1.35562048159789e-14
-1.49016708370404e-14
1.67294737335769e-14
-1.77956920898899e-14
1.87349796894989e-14
-3.25958183215672e-14
1.22361249462581e-14
-3.22404122027962e-14
1.23503626272916e-14
-8.98669757463767e-15
2.08928025534656e-14
-1.35815909673196e-14
1.95219503810632e-14
-8.52974685050355e-15
2.43960914384938e-14
-2.23144270285495e-14
1.87095935381581e-14
6.86695393768218e-15
2.73281919183544e-14
-1.11191342872636e-14
-2.66554589078236e-15
-1.553632462056e-14
-7.01292430789169e-16
4.46796263597805e-15
1.58536515123199e-14
-3.63021964173217e-15
1.13983819520122e-14
2.45261954641153e-14
3.48297996395562e-14
-1.16014711627385e-14
-1.12333719682971e-15
-9.90059902290591e-15
5.38186408424629e-15
8.9486183476265e-15
1.74656721224597e-14
-6.0228644056011e-15
1.37085217240236e-14
-8.09818227771022e-15
4.19823477798222e-15
-3.22404122027962e-15
7.07004314840845e-15
1.11445204386043e-14
1.90649996569291e-14
-1.08271935468445e-14
7.38737004016826e-15
8.72014298555944e-15
1.59932753446942e-14
-1.76941474845267e-14
-8.73283606122983e-15
2.67570035131867e-14
2.67823896645275e-15
5.40725023558708e-15
-7.05735007273806e-15
6.41000321354806e-15
-4.20775458473501e-15
-2.18955555314265e-15
-1.86477147942649e-14
1.03400967679932e-14
5.5365609439792e-15
1.44193339615655e-14
-6.92407277819894e-15
8.9359252719561e-15
-3.8967742308104e-15
-1.11699065899451e-15
-1.58782443464312e-15
4.28391303875737e-15
7.8094148062088e-15
9.67212366083885e-15
-4.56990389995589e-15
6.62578549994473e-15
-2.18955555314265e-15
2.6020805124304e-15
5.64841867332453e-16
8.83438066659297e-15
5.17877487352002e-15
3.71907117142491e-15
4.75990337639707e-15
6.37192398653688e-15
1.11699065899451e-15
