-1.3803502172588e-16
-1.88747210217954e-18
-7.5337744631646e-17
-1.56157667079151e-17
-1.99375828597891e-16
-7.64307960499175e-17
0.0138220216847269
0.0691645125321863
0.153764357368167
0.244536935018238
0.318265601321486
0.361218657444918
0.377819126781932
0.373029135060146
0.352889045282484
0.311845600357369
0.259773961546989
0.218871747790827
0.0265574124022113
0.131712682790745
0.281994894509088
0.413975152940851
0.483267882634145
0.500191531367252
0.231890965736747
0.158771497744396
0.0506498912088639
-0.0605125714342246
-0.147240936656744
-0.196407994878757
-0.510855981967942
-0.51249967040343
-0.499463426845851
-0.464323646739727
-0.417647088589576
-0.381103141642421
-1.55906041981091e-16
-1.60906863509486e-16
-1.35116782444453e-16
-1.69441987703804e-16
-8.84171612087532e-17
-1.22070059838472e-16
0.377819126781606
0.373029135060221
0.352889045282435
0.311845600357331
0.259773961547038
0.218871747790132
-0.361218657443039
-0.318265601321681
-0.244536935018616
-0.15376435736811
-0.0691645125319694
-0.01382202168514
0.756317124772595
0.763171092909757
0.792313121580664
0.85330607451443
0.933945641019402
1
-0.38110314164261
-0.417647088589085
-0.464323646739629
-0.499463426845924
-0.512499670403131
-0.510855981968421
-5.70804225766759e-17
-4.32121289037117e-17
-5.11762080442954e-17
-9.86922271110701e-17
-6.21478443957877e-17
-2.69289069442049e-18
-0.00106307920574276
0.375441849960778
-0.00375280912261865
0.349031444190152
-0.00712902190385383
0.263777045214005
-0.00935745438456658
0.136062977045139
-0.0100253775306473
0.0348290993466984
-0.0119724616136073
0.362343369958031
-0.0289796759866135
0.306192288809908
-0.045662141282825
0.180677892694883
-0.0481948767658904
0.0674088022985429
-0.0465905986484691
0.324237216343907
-0.0833418810241807
0.231585225049255
-0.0975741600979773
0.117160152357891
-0.101193795810879
0.26438159266643
-0.133813991526272
0.171285461163322
-0.148142678976523
0.21162796810913
-0.0513610586244143
-0.525912399055846
-0.181437272352991
-0.557601230572617
-0.344641556520611
-0.528018396129417
-0.452371798290277
-0.413442536417742
-0.484684262544738
-0.295351769148245
-0.105124225224923
-0.519049099901492
-0.230630621715648
-0.519181783380703
-0.363422425230768
-0.438009915537468
-0.423145513029568
-0.327464695829046
-0.157139525812478
-0.486708074728029
-0.249828124036047
-0.441754192328313
-0.329082669934209
-0.359427921102472
-0.179323811274681
-0.431687605795826
-0.237134184106056
-0.377213395794245
-0.179037816118801
-0.383306124688102
0.0100253775304295
0.0448544768774391
0.00935745438459131
0.14542043142968
0.00712902190384437
0.270906067117888
0.00375280912261646
0.352784253312756
0.00106307920558789
0.376504929166247
0.048194876765717
0.115603679064328
0.0456621412829259
0.226340033977856
0.0289796759865801
0.3351719647965
0.0119724616134735
0.374315831571527
0.0975741600984524
0.214734312456053
0.0833418810239302
0.314927106073312
0.0465905986484971
0.370827814992291
0.133813991526168
0.305099452689849
0.101193795810541
0.365575388477172
0.148142678975432
0.359770647084653
-0.233408280469588
0.384988803300856
-0.283102479173028
0.386189201131716
-0.337484143024064
0.384651504223445
-0.369285528542339
0.381333582112402
-0.377811125806701
0.378875825158989
-0.278527390866316
0.428356996375597
-0.329898816947998
0.421719935668286
-0.371848659766308
0.402635017050708
-0.383189290736851
0.387058794122601
-0.350291153913961
0.475144823804509
-0.394206640111948
0.450622703009547
-0.405167561876856
0.413302403657429
-0.427801525423384
0.498538959936162
-0.444814844128137
0.457569246665561
-0.482896171467161
0.499114234110532
0.377811125807
0.756686950965673
0.369285528542263
0.750619110654751
0.337484143024126
0.7221356472475
0.283102479173005
0.66929168030472
0.233408280470236
0.61839708377121
0.383189290736858
0.770248084859341
0.371848659766347
0.77448367681689
0.329898816948035
0.751618752616203
0.278527390866527
0.706884387241808
0.405167561876826
0.818469965534344
0.394206640111953
0.844829343121541
0.35029115391393
0.825435977718491
0.444814844128193
0.902384090793647
0.427801525423515
0.926340485359531
0.482896171466733
0.982010405577482
0.0284405122302042
0.0266402881280048
0.100078143018252
0.131262328322051
0.202065053500659
0.284337661263906
0.297031953487271
0.435715199386174
0.355759624095485
0.536944438324394
0.0685123102699791
0.0271179569779692
0.154564437194213
0.147739390062075
0.268720727645154
0.325257343941613
0.345169218477113
0.460188475826637
0.12993599248092
0.0288156553741488
0.22845250622447
0.161158422319056
0.321051152531939
0.325011463061338
0.197025898098501
0.0317699970888266
0.283253581734297
0.16199130108663
0.247586181466106
0.0345734345091857
-0.0265574124023147
-0.131712682790693
-0.281994894509107
-0.41397515294066
-0.483267882634054
-0.500191531367561
0.253094308796749
0.263763082410335
0.2803263605195
0.29845641557023
0.31346363853934
0.322334518588479
0.205937429392058
0.197412418154843
0.182402326789179
0.162738766007173
0.142855146787699
0.128894236163638
-5.54260133637918e-17
-3.6207112780481e-18
-1.85122999821442e-16
-6.97011837209937e-17
-3.05065353630246e-17
-2.73881400728147e-17
-0.00454395677654674
-0.022752203000048
-0.0506953861248234
-0.0810510903772173
-0.106346050775898
-0.121609319835539
-0.357561746877508
-0.356578427014142
-0.352474074011258
-0.344274896435831
-0.334178681257128
-0.326479183716576
0.205937429392109
0.197412418154794
0.18240232678915
0.162738766007148
0.142855146787618
0.128894236163579
-0.32233451858826
-0.313463638539378
-0.298456415570316
-0.280326360519517
-0.263763082410402
-0.253094308796509
-6.87493361214266e-18
-1.18455364915153e-16
-1.695418273105e-16
-1.6330241284791e-16
-1.62492662233659e-17
-1.61012945715871e-16
0.326479183716942
0.334178681256956
0.344274896435783
0.352474074011375
0.356578427013953
0.357561746877755
0.121609319835349
0.106346050775922
0.0810510903773225
0.0506953861248318
0.0227522030000175
0.00454395677661527
0.434327528670879
0.503758137419057
0.594889940144532
0.668916263870966
0.705959575612858
0.71483745004058
-5.0188036630931e-17
-3.97580825840445e-17
-3.89816588093401e-18
-9.78346892625374e-17
-3.05761715718541e-17
-1.88122221238961e-16
-1.03619128109815e-16
-1.35253916246907e-17
-8.06271968372573e-17
-1.62879694447547e-16
-5.09481150770899e-17
-5.2126424239536e-17
0.231890965736486
0.158771497744584
0.0506498912088965
-0.0605125714344992
-0.14724093665679
-0.196407994877593
-1.18988432424264e-16
-6.08955805529568e-17
-1.04070604748066e-16
-7.41245641343141e-17
-1.22334366568324e-16
-1.08979435146968e-16
-0.0519685304595632
0.186908922464216
-0.183582142293017
0.106907340243547
-0.348715657501317
-0.022976719331302
-0.457719866772922
-0.149166506137125
-0.490413304574603
-0.222646164839369
-0.11108298989714
0.174672913355801
-0.244822002264777
0.0799676117306295
-0.385781944716077
-0.0644593398520984
-0.447132766556245
-0.16637260431057
-0.175596887792148
0.15409947693618
-0.281520503639615
0.0521207038181208
-0.367739466345489
-0.0683630034122066
-0.210036563829373
0.130206670063233
-0.277746320943167
0.0390080800242664
-0.215450538325516
0.112002169929486
-0.00138143528105861
-0.356221920907985
-0.00487889110749489
-0.334266148019727
-0.00926768762594215
-0.25744030486693
-0.0121648075362498
-0.139170402971154
-0.0130331393543978
-0.0441928567312535
-0.0155175820365643
-0.352910241775467
-0.0375372072886081
-0.318742585983054
-0.0591477942234164
-0.219941126981534
-0.0624639532991657
-0.116979972398525
-0.0596848869534135
-0.344270855309823
-0.10647040495697
-0.298419941897041
-0.124995269879095
-0.212637774628325
-0.127027314405277
-0.331536926438637
-0.167976384601261
-0.286672272746397
-0.182493103572778
-0.32082140459943
0.490413304574479
0.267767139735169
0.45771986677312
0.308553360635958
0.348715657501372
0.32573893817002
0.183582142293032
0.290489482536547
0.0519685304595415
0.238877452923743
0.447132766556279
0.280760162245757
0.385781944716243
0.321322604864045
0.244822002264756
0.324789613995361
0.111082989897144
0.285755903252881
0.367739466345677
0.299376462933348
0.281520503639616
0.333641207457707
0.175596887792167
0.329696364728311
0.277746320943281
0.316754400967473
0.210036563829375
0.340243233892572
0.215450538325359
0.32745270825484
0.0130331393544406
-0.0311597173768702
0.0121648075362386
-0.127005595434903
0.00926768762594978
-0.248172617241017
0.00487889110748602
-0.329387256912221
0.00138143528091909
-0.354840485627141
0.0624639532991885
-0.0545160190993589
0.0591477942233909
-0.160793332758141
0.037537207288619
-0.281205378694468
0.0155175820365741
-0.337392659738842
0.124995269879
-0.0876425047492994
0.10647040495699
-0.191949536940064
0.0596848869533629
-0.28458596835652
0.167976384601403
-0.118695888145138
0.127027314405162
-0.204509612033344
0.18249310357329
-0.138328301026427
-0.147784616633228
0.332438160227603
-0.165133294673514
0.34315337143205
-0.187586837966566
0.329554040386516
-0.206527576418841
0.282823698989172
-0.21754985838502
0.234336245158155
-0.212879348166307
0.341110535554701
-0.235911732213836
0.347766895523559
-0.255327642479712
0.321243811252253
-0.261661119865015
0.275936609183243
-0.290700127927119
0.350756378745374
-0.311565103808951
0.350264860370564
-0.312841154878455
0.322750864628809
-0.340658684937622
0.356225637150379
-0.34543190677522
0.350386481864464
-0.355961428639946
0.357343648956727
0.102152571005911
-0.314817385678107
0.0818401415414354
-0.278812559536728
0.0500222332145592
-0.202548397511513
0.0164246238502354
-0.105441041988375
-0.00707944071897847
-0.0321927003059698
0.0287232329412369
-0.302175814881019
-0.00294855040583213
-0.255531056024941
-0.0383128565753558
-0.164562333504878
-0.0581127926349436
-0.0826103854799687
-0.0784665149901835
-0.282088690608663
-0.117780072263957
-0.22776619130455
-0.129546234353318
-0.151923364358906
-0.17536451363231
-0.260938094582345
-0.193281491151464
-0.212208455978598
-0.230410354462874
-0.246319692750845
0.00707944071893525
-0.0251132595869769
-0.0164246238502013
-0.12186566583859
-0.050022233214622
-0.252570630726091
-0.0818401415415299
-0.360652701078214
-0.10215257100582
-0.41696995668405
0.0581127926349367
-0.024497592845018
0.038312856575369
-0.126249476929523
0.00294855040574792
-0.252582505619117
-0.0287232329412694
-0.330899047822191
0.129546234353317
-0.022377130005588
0.117780072263964
-0.109986119040588
0.0784665149901869
-0.20362217561844
0.193281491151513
-0.0189269648271063
0.175364513632327
-0.0855735809499651
0.230410354463081
-0.0159093382879036
0.332438160227796
-0.147784616633412
0.341110535554521
-0.212879348166541
0.350756378745473
-0.290700127927135
0.356225637150272
-0.340658684937846
0.357343648956897
-0.355961428639768
0.343153371432038
-0.165133294673618
0.34776689552354
-0.235911732213853
0.350264860370559
-0.31156510380897
0.350386481864557
-0.345431906775089
0.329554040386492
-0.187586837966575
0.321243811252239
-0.255327642479745
0.322750864628836
-0.312841154878428
0.2828236989891
-0.206527576418903
0.275936609183311
-0.261661119864961
0.234336245158188
-0.217549858384962
0.484684262545184
0.189332493396474
0.452371798290059
0.0389292618725545
0.344641556520547
-0.183376839608816
0.181437272352963
-0.376163958219574
0.0513610586242034
-0.474551340431778
0.423145513029844
0.0956808172005569
0.363422425230515
-0.074587490306836
0.230630621715652
-0.288551161665068
0.105124225224856
-0.4139248746765
0.329082669933893
-0.0303452511684284
0.249828124036024
-0.191926068292217
0.157139525812448
-0.329568548915614
0.237134184106333
-0.140079211688233
0.179323811274461
-0.252363794521053
0.179037816120003
-0.204268308568465
-0.355759624096333
0.18118481422868
-0.297031953486902
0.138683245899425
-0.202065053500547
0.0822726077631326
-0.100078143018379
0.0311841853037773
-0.0284405122300511
-0.00180022410185595
-0.345169218476952
0.115019257349812
-0.26872072764513
0.056536616296558
-0.154564437194148
-0.00682504713211756
-0.0685123102699661
-0.0413943532919932
-0.321051152532005
0.00396031052951106
-0.228452506224523
-0.067294083905411
-0.129935992480881
-0.101120337106733
-0.28325358173448
-0.121262280647835
-0.197025898098402
-0.165255901009615
-0.247586181465896
-0.213012746956739
