4.61374710078799e-14
1.25810229247158e-14
-2.01626968409046e-12
-4.74416396256579e-12
9.51729357687746e-15
-1.35826064133733e-12
3.20836441359559e-14
2.59753610193499e-14
1.66555528183046e-14
1.25964791881303e-14
1.09394484384956e-14
6.03105638256586e-15
-6.21960707849218e-14
-2.34568038388848e-14
-2.95697890817457e-13
-5.24782520516695e-13
-9.79702352543551e-13
8.42820224514042e-14
-2.8026311080226e-13
-8.17230983962531e-13
-1.44112103931365e-12
-1.51423315517511e-12
-4.71816854359282e-12
-3.66535407518781e-12
-2.51830621300581e-12
-1.41837504771231e-12
-6.57196685910226e-13
-3.37534268227069e-13
-6.36075407994694e-13
-1.01057191257394e-12
-1.2104116959286e-12
-1.29164738021911e-12
-4.67917541513338e-12
-3.75633804159318e-12
-2.79775696696517e-12
-2.33958770756669e-12
-1.81318047336418e-12
3.37772066924293e-14
2.25168618294347e-14
3.26572854271769e-14
1.59940610498647e-14
2.51180365944768e-14
-1.7831232701767e-13
-3.34691019276901e-13
-5.81647499520052e-13
-1.15517143061105e-12
-1.55972513837779e-12
-1.0040730578307e-12
-4.26487342525178e-13
8.12356842905101e-16
1.54449344757332e-13
-1.52989641055237e-13
-5.00411815229542e-13
-1.21853526435765e-12
-2.16086920212757e-12
-3.42164702231628e-12
-4.84814563845764e-12
-2.03414153463437e-12
-2.294095724364e-12
-3.1064525672691e-12
-4.19176130939032e-12
-4.86114334794412e-12
2.16912014961761e-14
1.85068338472228e-14
2.59146535195217e-14
2.85822822041582e-14
1.18997907320316e-14
-9.24055908804552e-14
-1.81155575967837e-13
-7.9001702972521e-14
-3.58960179958691e-14
-5.30469018417031e-13
-3.95617782494784e-13
-2.53861513407844e-13
-1.25102953807385e-12
-4.81727607842725e-13
-9.79702352543551e-13
-4.13327161670115e-12
-3.00572031874887e-12
-1.71569765221557e-12
-8.69221821908458e-13
-3.03821459246508e-12
-2.16411862949919e-12
-8.31853407134823e-13
-2.00164726091817e-12
-1.51098372780349e-12
-1.71082351115814e-12
5.38694131451445e-14
-2.85340341070417e-14
-1.37897574083141e-13
-1.44396428826382e-13
3.93993068808974e-14
-4.4435919306909e-13
-4.46796263597805e-13
-4.94725317329206e-13
-9.06590236682092e-13
-1.14054900743876e-12
-1.8310523239081e-12
-1.19903870012793e-12
-7.35995299672021e-13
-6.42574262737934e-13
-2.81400410382327e-12
-2.32658999808021e-12
-1.77581205859055e-12
-2.76526269324896e-12
-2.65478216261387e-12
-4.41272237066051e-12
-4.25674985682273e-13
-8.83844245080749e-13
-1.61334069000953e-12
-1.70269994272909e-12
-1.58409584366495e-12
-2.24860374116132e-12
-2.53780277723553e-12
-2.76526269324896e-12
-3.32416420116767e-12
-4.41272237066051e-12
-2.74170434480471e-14
-4.95537674172111e-14
-4.18363774096127e-13
-9.76452925171931e-13
-3.38346625069974e-13
-9.08214950367902e-13
-1.3062698033914e-12
1.23884418543028e-14
-3.71247077207631e-13
-6.4663604695246e-13
1.90747672942177e-14
-1.31926751287788e-12
-1.64090347818508e-16
1.89352688066739e-14
-1.29164738021911e-12
4.68738894196295e-14
-5.15359181138996e-12
-4.28924413053893e-12
-2.93423291657322e-12
-1.19253984538469e-12
-1.77906148596217e-13
-1.02763140627495e-13
-2.77826040273544e-13
-5.6377564897614e-13
-9.39084510398296e-13
-1.20716226855698e-12
-4.83514792897116e-12
-4.37372924220106e-12
-3.38915274860008e-12
-2.19986233058701e-12
-1.49798601831701e-12
2.09045619663945e-15
-1.00861907390526e-15
4.46792122195085e-14
5.77676198392612e-16
-7.18150059087258e-16
1.18908732880234e-13
-1.58206495155768e-13
-4.46796263597805e-13
-9.99198916773274e-13
-1.2575283928171e-12
-2.08572619415885e-13
-7.50617722844313e-13
-1.1779174222124e-12
-1.54672742889131e-12
-1.61659011738115e-12
-4.76366052679551e-12
-4.21775672836328e-12
-3.18443882418799e-12
-2.43057167397206e-12
-1.87167016605335e-12
-1.46711645828661e-12
-1.36475949608057e-12
-1.16491971272591e-12
-7.91235564989568e-13
-3.11132670832653e-13
4.32521544226109e-14
4.04895359618951e-14
2.93646283414695e-14
3.96172374404509e-14
5.20769602526008e-14
-1.16816914009753e-12
-1.15192200323943e-12
-9.92700062030033e-13
-6.15766486922066e-13
-3.34894108487628e-13
-1.02356962206043e-12
-6.09267632178825e-13
-3.36315732962712e-13
-9.42333937769917e-14
-6.11298524286088e-14
-4.58819144872801e-12
-3.99679566709309e-12
-2.62553731626928e-12
-1.35013707290828e-12
-5.36967873160271e-13
2.03183765321006e-14
8.57759255764435e-15
2.66866996258892e-15
2.1947325302001e-14
2.81052780605197e-14
2.87138780556881e-14
4.1799985082581e-14
1.14928399908154e-14
2.03544478235625e-15
2.81835191026561e-15
-9.3014858512634e-14
-4.21613201467747e-13
-8.75720676651698e-13
-1.06581217789149e-12
-1.36638420976638e-12
1.10575946693422e-14
2.29660706445506e-14
1.66393093344122e-14
3.35554861087225e-14
2.13116062098748e-14
-4.86114334794412e-12
-3.74658975947832e-12
-1.68645280587099e-12
-3.16819168732989e-13
-3.83432429851207e-12
-2.41432453711396e-12
-7.19748162813919e-13
-2.43382110134368e-12
-9.61830501999639e-13
-1.45574346248594e-12
-2.16493098634209e-13
-9.22025016697289e-14
-1.04590943524032e-13
-3.59467902985507e-14
-7.43306511258167e-13
-5.39404943688987e-13
-2.93260820288741e-13
-1.12917601163809e-12
-7.3112115861459e-13
-1.30789451707721e-12
-8.39976975563874e-13
-1.63771139529668e-12
-3.06421001143804e-12
-4.47771091809291e-12
-1.2429059696448e-12
-2.17386691161405e-12
-3.44439301391763e-12
-1.49148716357376e-12
-2.31359228859373e-12
-1.82942761022229e-12
-2.01058318619012e-14
-1.12917601163809e-13
-1.32211076182805e-13
-1.91310036504151e-13
-1.81155575967837e-13
-4.24050271996462e-13
-5.51590296332563e-13
-5.51590296332563e-13
-9.14713805111143e-13
-9.34210369340866e-13
-1.93665871348576e-12
-2.49231079403285e-12
-3.55812297192434e-12
-4.43871778963347e-12
-1.80180747756351e-12
-2.47281422980313e-12
-3.30791706430957e-12
-1.28027438441844e-12
-1.79043448176284e-12
-7.98546776575714e-13
-1.33226522236436e-12
-7.96109706046999e-13
-3.13975919782821e-13
3.64037410226848e-14
-1.14867257586781e-12
-5.76773358462621e-13
-1.01747694573864e-13
-8.19668054491246e-13
-2.2461666706326e-13
-2.79450753959355e-13
-1.6602542976873e-14
-1.6409608226683e-13
-4.98787101543732e-13
-9.32585655655055e-13
-2.31521700227954e-14
-3.08695600303938e-13
-6.33638337465978e-13
-1.37694484872415e-13
-3.30629235062376e-13
-7.3112115861459e-14
-1.51098372780349e-12
-1.67507981007032e-12
-1.25102953807385e-12
-8.26166909234487e-13
-2.45006823820178e-12
-2.44356938345854e-12
-1.67995395112775e-12
-4.07153249664036e-12
-3.5516241171811e-12
-4.19176130939032e-12
-4.61418686770097e-13
-1.80343219124932e-12
-3.5516241171811e-12
-4.74416396256579e-12
-9.94324775715843e-13
-2.35258541705317e-12
-3.52887812557976e-12
-1.46386703091499e-12
-2.55729934146526e-12
-1.73356950275948e-12
-8.83844245080749e-13
-4.60606329927192e-13
-3.23724201897683e-13
-2.76099781982371e-13
-6.66132611182182e-13
-2.36395841285384e-13
-3.57437010878244e-14
-5.02848885758257e-13
-1.45818053301466e-13
7.3112115861459e-15
