-1.87022102210586e-14
-4.4165761054227e-16
-25.6948720792141
-78.726751241633
-4.35784505334614e-14
-25.6948720791974
-4.85112976361802e-14
-3.13188306541277e-15
-3.69468648736617e-14
-1.0392302289084e-14
-3.67207989059224e-14
-3.37875441301989e-14
-0.200030672223444
-1.94843682007746
-6.81263314486758
-14.3733960138033
-21.7986654046933
-2.99574303117342
-9.20548001945228
-16.4471514061513
-22.0916157157853
-24.9179235904937
-78.0278392915426
-71.9752156780179
-55.668178694659
-31.8977315690099
-10.4664896012739
-4.97859396744061
-13.7724092698087
-21.5722566532813
-25.4908488844389
-26.0815676870999
-74.5633692829034
-65.0681936039977
-52.0800603270382
-39.1789100104059
-29.8136828925344
-5.69141315285787e-14
-2.82761855057457e-15
-1.20804240831761e-14
-4.60095019956444e-14
9.97689756835518e-16
-2.99574303116696
-9.20548001944742
-16.4471514061448
-22.0916157157789
-24.9179235904896
-21.7986654047135
-14.3733960138199
-6.81263314486394
-1.94843682007673
-0.200030672231037
-6.00836975952156
-18.9279774732253
-36.3380374142673
-55.0640317112784
-70.8205788448709
-29.8136828925543
-39.1789100104076
-52.0800603270379
-65.0681936040009
-74.5633692828959
-4.49392629662514e-15
-7.18104335587788e-15
-4.04810478768633e-14
-2.96031480542617e-14
-4.2326799296895e-15
-3.23973390921705
-2.97448256857816
-1.90197434884129
-0.728557880636414
-10.1892123709567
-8.36026756720846
-4.3325133887666
-17.0988224779178
-12.1692119242764
-20.6785261448706
-72.5005219340122
-62.3743960555682
-39.8840865343594
-16.3041966123629
-59.3065783284734
-44.9166304832895
-25.217465998078
-42.9401618339687
-30.560470658262
-30.8600797577412
-0.728557880635889
-1.90197434884228
-2.97448256857797
-3.23973390921584
-4.33251338876563
-8.36026756721246
-10.1892123709545
-12.1692119242865
-17.0988224779135
-20.6785261448814
-29.1914656764771
-25.3580924946988
-17.6863273701889
-9.95408434056434
-39.9483602501601
-35.0998486793336
-25.9044280803778
-54.1988085007413
-47.001000226601
-65.6178325687261
-9.95408434056884
-17.6863273701941
-25.3580924947045
-29.1914656764855
-25.9044280803746
-35.0998486793333
-39.9483602501607
-47.0010002266034
-54.1988085007417
-65.6178325687243
-0.735294527141155
-4.42681932233624
-12.6188613160634
-21.6404991201277
-2.03491146632626
-9.40497484094236
-19.8793639809611
-3.69214537477552
-13.565758485925
-4.84710026554169
-1.36703744601258e-14
-31.3011515458744
-3.41508376430153e-14
-2.23860088115061e-15
-31.3011515458726
-4.93002500046811e-15
-78.0278392915407
-71.9752156780158
-55.6681786946545
-31.8977315690149
-10.4664896012805
-5.0894892379349
-14.7062584765749
-24.2137910762307
-29.8548719888507
-31.4070894614282
-76.2240991472114
-69.4802575517322
-58.457260914296
-45.8863349875152
-35.9012575906468
-2.84908837308864e-14
-1.23357636810993e-14
-3.75656926703224e-14
-3.27194371090743e-14
-1.21626986650967e-14
-0.259956561630935
-2.52172093897672
-8.71479893212693
-18.0434229989512
-26.8380653683833
-3.89317850842296
-11.9140075351614
-21.0393750244569
-27.732377051388
-30.6784344141326
-76.2240991472139
-69.4802575517335
-58.4572609142979
-45.8863349875155
-35.9012575906462
-31.4070894614298
-29.8548719888513
-24.2137910762266
-14.7062584765709
-5.08948923792914
-1.11653473473606e-14
-4.04422494155946e-15
-7.89488885458409e-16
-3.36007466807814e-14
-2.80532884183435e-14
-30.6784344141414
-27.7323770513889
-21.0393750244554
-11.9140075351645
-3.89317850841891
-26.838065368381
-18.0434229989478
-8.71479893212714
-2.521720938977
-0.259956561629958
-73.9367288515048
-62.1831510086082
-44.266515671827
-24.162311312883
-7.79733103196643
-3.20402807647327e-14
-1.31417282386739e-14
-2.85525469125025e-14
1.19205403503593e-15
-3.17100443632824e-14
-3.65899921165631e-15
-1.55410150062874e-14
-1.73201481264507e-14
-1.40528706448289e-14
-2.76790039730969e-14
-4.97859396743535
-13.7724092698115
-21.5722566532863
-25.4908488844311
-26.0815676870928
-6.80468136212441e-15
-1.46326194329985e-14
-1.33909535788632e-14
-1.17315882678902e-14
-1.48960783789039e-14
-74.2841479565164
-64.004486130701
-40.9264280305139
-16.705291558729
-63.998675117629
-48.696399208091
-27.2125865329336
-49.0150436449018
-34.8839360096048
-36.5976508851147
-4.20981635714487
-3.86485355714656
-2.47130570606138
-0.946709300020834
-13.1640771203769
-10.7915939915703
-5.59744779664737
-21.7372663133551
-15.4703826641054
-25.75570280445
-16.7052915587202
-40.9264280305148
-64.0044861307039
-74.28414795652
-27.21258653293
-48.6963992080938
-63.9986751176308
-34.8839360096062
-49.0150436449026
-36.597650885116
-0.946709300020868
-2.47130570606133
-3.86485355714682
-4.20981635714527
-5.59744779664693
-10.7915939915705
-13.1640771203781
-15.4703826641038
-21.7372663133561
-25.7557028044535
-35.5606585675789
-47.1923197712895
-60.9776914537189
-70.3240267727959
-31.6656549353328
-42.7581704130203
-54.9554229479977
-22.6068218680058
-32.5498656669774
-12.8755106866704
-26.3621676563124
-15.7576725454011
-5.65840239759673
-0.951094017491571
-23.4841511957138
-11.4570158292038
-2.55694049596231
-15.2624873347325
-4.31700088833221
-5.19473909488295
-0.951094017490557
-5.65840239759801
-15.7576725453999
-26.3621676563095
-2.55694049596256
-11.4570158292057
-23.4841511957146
-4.31700088833301
-15.2624873347351
-5.19473909488625
-35.5606585675824
-31.6656549353305
-22.6068218680063
-12.8755106866662
-47.1923197712865
-42.7581704130183
-32.5498656669763
-60.977691453717
-54.9554229479948
-70.3240267727921
-16.3041966123697
-39.8840865343611
-62.3743960555655
-72.5005219340121
-25.2174659980837
-44.9166304832866
-59.3065783284739
-30.5604706582592
-42.9401618339689
-30.8600797577454
-21.6404991201106
-12.6188613160589
-4.4268193223371
-0.735294527140399
-19.8793639809588
-9.40497484094002
-2.03491146632565
-13.5657584859277
-3.69214537477457
-4.84710026553801
