252 647 252 647
252 252 0.00000000000000e+00
253 253 0.00000000000000e+00
254 254 0.00000000000000e+00
255 255 0.00000000000000e+00
256 256 0.00000000000000e+00
257 257 0.00000000000000e+00
258 258 0.00000000000000e+00
259 259 0.00000000000000e+00
260 260 0.00000000000000e+00
261 261 0.00000000000000e+00
262 262 0.00000000000000e+00
263 263 0.00000000000000e+00
264 264 0.00000000000000e+00
265 265 0.00000000000000e+00
266 266 0.00000000000000e+00
267 267 0.00000000000000e+00
268 268 0.00000000000000e+00
269 269 0.00000000000000e+00
270 270 0.00000000000000e+00
271 271 0.00000000000000e+00
272 272 0.00000000000000e+00
273 273 0.00000000000000e+00
274 274 0.00000000000000e+00
275 275 0.00000000000000e+00
276 276 0.00000000000000e+00
277 277 0.00000000000000e+00
278 278 0.00000000000000e+00
279 279 0.00000000000000e+00
280 280 0.00000000000000e+00
281 281 0.00000000000000e+00
282 282 0.00000000000000e+00
283 283 0.00000000000000e+00
284 284 0.00000000000000e+00
285 285 0.00000000000000e+00
286 286 0.00000000000000e+00
287 287 0.00000000000000e+00
288 288 0.00000000000000e+00
289 289 0.00000000000000e+00
290 290 0.00000000000000e+00
291 291 0.00000000000000e+00
292 292 0.00000000000000e+00
293 293 0.00000000000000e+00
294 294 0.00000000000000e+00
295 295 0.00000000000000e+00
296 296 0.00000000000000e+00
297 297 0.00000000000000e+00
298 298 0.00000000000000e+00
299 299 0.00000000000000e+00
300 300 0.00000000000000e+00
301 301 0.00000000000000e+00
302 302 0.00000000000000e+00
303 303 0.00000000000000e+00
304 304 0.00000000000000e+00
305 305 0.00000000000000e+00
306 306 0.00000000000000e+00
307 307 0.00000000000000e+00
308 308 0.00000000000000e+00
309 309 0.00000000000000e+00
310 310 0.00000000000000e+00
311 311 0.00000000000000e+00
312 312 0.00000000000000e+00
313 313 0.00000000000000e+00
314 314 0.00000000000000e+00
315 315 0.00000000000000e+00
316 316 0.00000000000000e+00
317 317 0.00000000000000e+00
318 318 0.00000000000000e+00
319 319 0.00000000000000e+00
320 320 0.00000000000000e+00
321 321 0.00000000000000e+00
322 322 0.00000000000000e+00
323 323 0.00000000000000e+00
324 324 0.00000000000000e+00
325 325 0.00000000000000e+00
326 326 0.00000000000000e+00
327 327 0.00000000000000e+00
328 328 0.00000000000000e+00
329 329 0.00000000000000e+00
330 330 0.00000000000000e+00
331 331 0.00000000000000e+00
332 332 0.00000000000000e+00
333 333 0.00000000000000e+00
334 334 0.00000000000000e+00
335 335 0.00000000000000e+00
336 336 0.00000000000000e+00
337 337 0.00000000000000e+00
338 338 0.00000000000000e+00
339 339 0.00000000000000e+00
340 340 0.00000000000000e+00
341 341 0.00000000000000e+00
342 342 0.00000000000000e+00
343 343 0.00000000000000e+00
344 344 0.00000000000000e+00
345 345 0.00000000000000e+00
346 346 0.00000000000000e+00
347 347 0.00000000000000e+00
348 348 0.00000000000000e+00
349 349 0.00000000000000e+00
350 350 0.00000000000000e+00
351 351 0.00000000000000e+00
352 352 0.00000000000000e+00
353 353 0.00000000000000e+00
354 354 0.00000000000000e+00
355 355 0.00000000000000e+00
356 356 0.00000000000000e+00
357 357 0.00000000000000e+00
358 358 0.00000000000000e+00
359 359 0.00000000000000e+00
360 360 0.00000000000000e+00
361 361 0.00000000000000e+00
362 362 0.00000000000000e+00
363 363 0.00000000000000e+00
364 364 0.00000000000000e+00
365 365 0.00000000000000e+00
366 366 0.00000000000000e+00
367 367 0.00000000000000e+00
368 368 0.00000000000000e+00
369 369 0.00000000000000e+00
370 370 0.00000000000000e+00
371 371 0.00000000000000e+00
372 372 0.00000000000000e+00
373 373 0.00000000000000e+00
374 374 0.00000000000000e+00
375 375 0.00000000000000e+00
376 376 0.00000000000000e+00
377 377 0.00000000000000e+00
378 378 0.00000000000000e+00
379 379 0.00000000000000e+00
380 380 0.00000000000000e+00
381 381 0.00000000000000e+00
382 382 0.00000000000000e+00
383 383 0.00000000000000e+00
384 384 0.00000000000000e+00
385 385 0.00000000000000e+00
386 386 0.00000000000000e+00
387 387 0.00000000000000e+00
388 388 0.00000000000000e+00
389 389 0.00000000000000e+00
390 390 0.00000000000000e+00
391 391 0.00000000000000e+00
392 392 0.00000000000000e+00
393 393 0.00000000000000e+00
394 394 0.00000000000000e+00
395 395 0.00000000000000e+00
396 396 0.00000000000000e+00
397 397 0.00000000000000e+00
398 398 0.00000000000000e+00
399 399 0.00000000000000e+00
400 400 0.00000000000000e+00
401 401 0.00000000000000e+00
402 402 0.00000000000000e+00
403 403 0.00000000000000e+00
404 404 0.00000000000000e+00
405 405 0.00000000000000e+00
406 406 0.00000000000000e+00
407 407 0.00000000000000e+00
408 408 0.00000000000000e+00
409 409 0.00000000000000e+00
410 410 0.00000000000000e+00
411 411 0.00000000000000e+00
412 412 0.00000000000000e+00
413 413 0.00000000000000e+00
414 414 0.00000000000000e+00
415 415 0.00000000000000e+00
416 416 0.00000000000000e+00
417 417 0.00000000000000e+00
418 418 0.00000000000000e+00
419 419 0.00000000000000e+00
420 420 0.00000000000000e+00
421 421 0.00000000000000e+00
422 422 0.00000000000000e+00
423 423 0.00000000000000e+00
424 424 0.00000000000000e+00
425 425 0.00000000000000e+00
426 426 0.00000000000000e+00
427 427 0.00000000000000e+00
428 428 0.00000000000000e+00
429 429 0.00000000000000e+00
430 430 0.00000000000000e+00
431 431 0.00000000000000e+00
432 432 0.00000000000000e+00
433 433 0.00000000000000e+00
434 434 0.00000000000000e+00
435 435 0.00000000000000e+00
436 436 0.00000000000000e+00
437 437 0.00000000000000e+00
438 438 0.00000000000000e+00
439 439 0.00000000000000e+00
440 440 0.00000000000000e+00
441 441 0.00000000000000e+00
442 442 0.00000000000000e+00
443 443 0.00000000000000e+00
444 444 0.00000000000000e+00
445 445 0.00000000000000e+00
446 446 0.00000000000000e+00
447 447 0.00000000000000e+00
448 448 0.00000000000000e+00
449 449 0.00000000000000e+00
450 450 0.00000000000000e+00
451 451 0.00000000000000e+00
452 452 0.00000000000000e+00
453 453 0.00000000000000e+00
454 454 0.00000000000000e+00
455 455 0.00000000000000e+00
456 456 0.00000000000000e+00
457 457 0.00000000000000e+00
458 458 0.00000000000000e+00
459 459 0.00000000000000e+00
460 460 0.00000000000000e+00
461 461 0.00000000000000e+00
462 462 0.00000000000000e+00
463 463 0.00000000000000e+00
464 464 0.00000000000000e+00
465 465 0.00000000000000e+00
466 466 0.00000000000000e+00
467 467 0.00000000000000e+00
468 468 0.00000000000000e+00
469 469 0.00000000000000e+00
470 470 0.00000000000000e+00
471 471 0.00000000000000e+00
472 472 0.00000000000000e+00
473 473 0.00000000000000e+00
474 474 0.00000000000000e+00
475 475 0.00000000000000e+00
476 476 0.00000000000000e+00
477 477 0.00000000000000e+00
478 478 0.00000000000000e+00
479 479 0.00000000000000e+00
480 480 0.00000000000000e+00
481 481 0.00000000000000e+00
482 482 0.00000000000000e+00
483 483 0.00000000000000e+00
484 484 0.00000000000000e+00
485 485 0.00000000000000e+00
486 486 0.00000000000000e+00
487 487 0.00000000000000e+00
488 488 0.00000000000000e+00
489 489 0.00000000000000e+00
490 490 0.00000000000000e+00
491 491 0.00000000000000e+00
492 492 0.00000000000000e+00
493 493 0.00000000000000e+00
494 494 0.00000000000000e+00
495 495 0.00000000000000e+00
496 496 0.00000000000000e+00
497 497 0.00000000000000e+00
498 498 0.00000000000000e+00
499 499 0.00000000000000e+00
500 500 0.00000000000000e+00
501 501 0.00000000000000e+00
502 502 0.00000000000000e+00
503 503 0.00000000000000e+00
504 504 0.00000000000000e+00
505 505 0.00000000000000e+00
506 506 0.00000000000000e+00
507 507 0.00000000000000e+00
508 508 0.00000000000000e+00
509 509 0.00000000000000e+00
510 510 0.00000000000000e+00
511 511 0.00000000000000e+00
512 512 0.00000000000000e+00
513 513 0.00000000000000e+00
514 514 0.00000000000000e+00
515 515 0.00000000000000e+00
516 516 0.00000000000000e+00
517 517 0.00000000000000e+00
518 518 0.00000000000000e+00
519 519 0.00000000000000e+00
520 520 0.00000000000000e+00
521 521 0.00000000000000e+00
522 522 0.00000000000000e+00
523 523 0.00000000000000e+00
524 524 0.00000000000000e+00
525 525 0.00000000000000e+00
526 526 0.00000000000000e+00
527 527 0.00000000000000e+00
528 528 0.00000000000000e+00
529 529 0.00000000000000e+00
530 530 0.00000000000000e+00
531 531 0.00000000000000e+00
532 532 0.00000000000000e+00
533 533 0.00000000000000e+00
534 534 0.00000000000000e+00
535 535 0.00000000000000e+00
536 536 0.00000000000000e+00
537 537 0.00000000000000e+00
538 538 0.00000000000000e+00
539 539 0.00000000000000e+00
540 540 0.00000000000000e+00
541 541 0.00000000000000e+00
542 542 0.00000000000000e+00
543 543 0.00000000000000e+00
544 544 0.00000000000000e+00
545 545 0.00000000000000e+00
546 546 0.00000000000000e+00
547 547 0.00000000000000e+00
548 548 0.00000000000000e+00
549 549 0.00000000000000e+00
550 550 0.00000000000000e+00
551 551 0.00000000000000e+00
552 552 0.00000000000000e+00
553 553 0.00000000000000e+00
554 554 0.00000000000000e+00
555 555 0.00000000000000e+00
556 556 0.00000000000000e+00
557 557 0.00000000000000e+00
558 558 0.00000000000000e+00
559 559 0.00000000000000e+00
560 560 0.00000000000000e+00
561 561 0.00000000000000e+00
562 562 0.00000000000000e+00
563 563 0.00000000000000e+00
564 564 0.00000000000000e+00
565 565 0.00000000000000e+00
566 566 0.00000000000000e+00
567 567 0.00000000000000e+00
568 568 0.00000000000000e+00
569 569 0.00000000000000e+00
570 570 0.00000000000000e+00
571 571 0.00000000000000e+00
572 572 0.00000000000000e+00
573 573 0.00000000000000e+00
574 574 0.00000000000000e+00
575 575 0.00000000000000e+00
576 576 0.00000000000000e+00
577 577 0.00000000000000e+00
578 578 0.00000000000000e+00
579 579 0.00000000000000e+00
580 580 0.00000000000000e+00
581 581 0.00000000000000e+00
582 582 0.00000000000000e+00
583 583 0.00000000000000e+00
584 584 0.00000000000000e+00
585 585 0.00000000000000e+00
586 586 0.00000000000000e+00
587 587 0.00000000000000e+00
588 588 0.00000000000000e+00
589 589 0.00000000000000e+00
590 590 0.00000000000000e+00
591 591 0.00000000000000e+00
592 592 0.00000000000000e+00
593 593 0.00000000000000e+00
594 594 0.00000000000000e+00
595 595 0.00000000000000e+00
596 596 0.00000000000000e+00
597 597 0.00000000000000e+00
598 598 0.00000000000000e+00
599 599 0.00000000000000e+00
600 600 0.00000000000000e+00
601 601 0.00000000000000e+00
602 602 0.00000000000000e+00
603 603 0.00000000000000e+00
604 604 0.00000000000000e+00
605 605 0.00000000000000e+00
606 606 0.00000000000000e+00
607 607 0.00000000000000e+00
608 608 0.00000000000000e+00
609 609 0.00000000000000e+00
610 610 0.00000000000000e+00
611 611 0.00000000000000e+00
612 612 0.00000000000000e+00
613 613 0.00000000000000e+00
614 614 0.00000000000000e+00
615 615 0.00000000000000e+00
616 616 0.00000000000000e+00
617 617 0.00000000000000e+00
618 618 0.00000000000000e+00
619 619 0.00000000000000e+00
620 620 0.00000000000000e+00
621 621 0.00000000000000e+00
622 622 0.00000000000000e+00
623 623 0.00000000000000e+00
624 624 0.00000000000000e+00
625 625 0.00000000000000e+00
626 626 0.00000000000000e+00
627 627 0.00000000000000e+00
628 628 0.00000000000000e+00
629 629 0.00000000000000e+00
630 630 0.00000000000000e+00
631 631 0.00000000000000e+00
632 632 0.00000000000000e+00
633 633 0.00000000000000e+00
634 634 0.00000000000000e+00
635 635 0.00000000000000e+00
636 636 0.00000000000000e+00
637 637 0.00000000000000e+00
638 638 0.00000000000000e+00
639 639 0.00000000000000e+00
640 640 0.00000000000000e+00
641 641 0.00000000000000e+00
642 642 0.00000000000000e+00
643 643 0.00000000000000e+00
644 644 0.00000000000000e+00
645 645 0.00000000000000e+00
646 646 0.00000000000000e+00
647 647 0.00000000000000e+00
