127 312 127 312
127 127 0.00000000000000e+00
128 128 0.00000000000000e+00
129 129 0.00000000000000e+00
130 130 0.00000000000000e+00
131 131 0.00000000000000e+00
132 132 0.00000000000000e+00
133 133 0.00000000000000e+00
134 134 0.00000000000000e+00
135 135 0.00000000000000e+00
136 136 0.00000000000000e+00
137 137 0.00000000000000e+00
138 138 0.00000000000000e+00
139 139 0.00000000000000e+00
140 140 0.00000000000000e+00
141 141 0.00000000000000e+00
142 142 0.00000000000000e+00
143 143 0.00000000000000e+00
144 144 0.00000000000000e+00
145 145 0.00000000000000e+00
146 146 0.00000000000000e+00
147 147 0.00000000000000e+00
148 148 0.00000000000000e+00
149 149 0.00000000000000e+00
150 150 0.00000000000000e+00
151 151 0.00000000000000e+00
152 152 0.00000000000000e+00
153 153 0.00000000000000e+00
154 154 0.00000000000000e+00
155 155 0.00000000000000e+00
156 156 0.00000000000000e+00
157 157 0.00000000000000e+00
158 158 0.00000000000000e+00
159 159 0.00000000000000e+00
160 160 0.00000000000000e+00
161 161 0.00000000000000e+00
162 162 0.00000000000000e+00
163 163 0.00000000000000e+00
164 164 0.00000000000000e+00
165 165 0.00000000000000e+00
166 166 0.00000000000000e+00
167 167 0.00000000000000e+00
168 168 0.00000000000000e+00
169 169 0.00000000000000e+00
170 170 0.00000000000000e+00
171 171 0.00000000000000e+00
172 172 0.00000000000000e+00
173 173 0.00000000000000e+00
174 174 0.00000000000000e+00
175 175 0.00000000000000e+00
176 176 0.00000000000000e+00
177 177 0.00000000000000e+00
178 178 0.00000000000000e+00
179 179 0.00000000000000e+00
180 180 0.00000000000000e+00
181 181 0.00000000000000e+00
182 182 0.00000000000000e+00
183 183 0.00000000000000e+00
184 184 0.00000000000000e+00
185 185 0.00000000000000e+00
186 186 0.00000000000000e+00
187 187 0.00000000000000e+00
188 188 0.00000000000000e+00
189 189 0.00000000000000e+00
190 190 0.00000000000000e+00
191 191 0.00000000000000e+00
192 192 0.00000000000000e+00
193 193 0.00000000000000e+00
194 194 0.00000000000000e+00
195 195 0.00000000000000e+00
196 196 0.00000000000000e+00
197 197 0.00000000000000e+00
198 198 0.00000000000000e+00
199 199 0.00000000000000e+00
200 200 0.00000000000000e+00
201 201 0.00000000000000e+00
202 202 0.00000000000000e+00
203 203 0.00000000000000e+00
204 204 0.00000000000000e+00
205 205 0.00000000000000e+00
206 206 0.00000000000000e+00
207 207 0.00000000000000e+00
208 208 0.00000000000000e+00
209 209 0.00000000000000e+00
210 210 0.00000000000000e+00
211 211 0.00000000000000e+00
212 212 0.00000000000000e+00
213 213 0.00000000000000e+00
214 214 0.00000000000000e+00
215 215 0.00000000000000e+00
216 216 0.00000000000000e+00
217 217 0.00000000000000e+00
218 218 0.00000000000000e+00
219 219 0.00000000000000e+00
220 220 0.00000000000000e+00
221 221 0.00000000000000e+00
222 222 0.00000000000000e+00
223 223 0.00000000000000e+00
224 224 0.00000000000000e+00
225 225 0.00000000000000e+00
226 226 0.00000000000000e+00
227 227 0.00000000000000e+00
228 228 0.00000000000000e+00
229 229 0.00000000000000e+00
230 230 0.00000000000000e+00
231 231 0.00000000000000e+00
232 232 0.00000000000000e+00
233 233 0.00000000000000e+00
234 234 0.00000000000000e+00
235 235 0.00000000000000e+00
236 236 0.00000000000000e+00
237 237 0.00000000000000e+00
238 238 0.00000000000000e+00
239 239 0.00000000000000e+00
240 240 0.00000000000000e+00
241 241 0.00000000000000e+00
242 242 0.00000000000000e+00
243 243 0.00000000000000e+00
244 244 0.00000000000000e+00
245 245 0.00000000000000e+00
246 246 0.00000000000000e+00
247 247 0.00000000000000e+00
248 248 0.00000000000000e+00
249 249 0.00000000000000e+00
250 250 0.00000000000000e+00
251 251 0.00000000000000e+00
252 252 0.00000000000000e+00
253 253 0.00000000000000e+00
254 254 0.00000000000000e+00
255 255 0.00000000000000e+00
256 256 0.00000000000000e+00
257 257 0.00000000000000e+00
258 258 0.00000000000000e+00
259 259 0.00000000000000e+00
260 260 0.00000000000000e+00
261 261 0.00000000000000e+00
262 262 0.00000000000000e+00
263 263 0.00000000000000e+00
264 264 0.00000000000000e+00
265 265 0.00000000000000e+00
266 266 0.00000000000000e+00
267 267 0.00000000000000e+00
268 268 0.00000000000000e+00
269 269 0.00000000000000e+00
270 270 0.00000000000000e+00
271 271 0.00000000000000e+00
272 272 0.00000000000000e+00
273 273 0.00000000000000e+00
274 274 0.00000000000000e+00
275 275 0.00000000000000e+00
276 276 0.00000000000000e+00
277 277 0.00000000000000e+00
278 278 0.00000000000000e+00
279 279 0.00000000000000e+00
280 280 0.00000000000000e+00
281 281 0.00000000000000e+00
282 282 0.00000000000000e+00
283 283 0.00000000000000e+00
284 284 0.00000000000000e+00
285 285 0.00000000000000e+00
286 286 0.00000000000000e+00
287 287 0.00000000000000e+00
288 288 0.00000000000000e+00
289 289 0.00000000000000e+00
290 290 0.00000000000000e+00
291 291 0.00000000000000e+00
292 292 0.00000000000000e+00
293 293 0.00000000000000e+00
294 294 0.00000000000000e+00
295 295 0.00000000000000e+00
296 296 0.00000000000000e+00
297 297 0.00000000000000e+00
298 298 0.00000000000000e+00
299 299 0.00000000000000e+00
300 300 0.00000000000000e+00
301 301 0.00000000000000e+00
302 302 0.00000000000000e+00
303 303 0.00000000000000e+00
304 304 0.00000000000000e+00
305 305 0.00000000000000e+00
306 306 0.00000000000000e+00
307 307 0.00000000000000e+00
308 308 0.00000000000000e+00
309 309 0.00000000000000e+00
310 310 0.00000000000000e+00
311 311 0.00000000000000e+00
312 312 0.00000000000000e+00
