-------------------------------------------------------------------------------------------------------------------------------------------------
      frequency   iteration   mesh size   DOF count     setup,s     solve,s  mesh err,s    refine,s     total,s   relative error absolute H error
-------------------------------------------------------------------------------------------------------------------------------------------------
          6e+09           1       10677       75696       4.196       6.732       1.314    0.002718       12.24                         0.0001139
                          2       12891       90130      0.7738       8.214       2.819    0.004042       11.81           0.2419        2.436e-05
                          3       15518      107216       0.785       10.45       4.436    0.004214       15.68          0.04036        1.219e-05
                          4       18852      128670      0.7867       14.03       5.732    0.004766       20.55          0.07279        9.248e-06
                          5       22979      155282      0.9095       17.55       6.477    0.005599       24.95           0.2867        1.005e-05
                          6       27218      182768       1.201       19.46       7.347    0.006735       28.02           0.3625        8.167e-06
                          7       32407      216480       1.466        23.6       9.111    0.008997       34.19           0.2201         6.12e-06
                          8       38803      257816       1.344       30.66       11.49     0.01006        43.5          0.04685        4.801e-06
                          9       45178      299258       1.917       38.75       15.02     0.01165        55.7          0.05824        4.088e-06
                         10       52323      345536        2.23       46.23       18.05     0.01277       66.53          0.01947        3.933e-06
                         11       59822      394306       1.562       57.51       19.89     0.01751       78.98          0.01412        2.625e-06
                         12       71738      471370       1.374       77.61        25.3     0.02067       104.3           0.0118        2.191e-06
                         13       83433      547156       1.406       102.4       31.51   0.0001586       135.3         0.002069        1.682e-06
          4e+09           1       83433      547156       1.488       109.6       32.07     0.03444       143.2                         1.113e-05
                          2       98139      642730       1.498       127.8       51.41   0.0001541       180.7         0.001536        6.564e-06
        1.6e+09           1       98139      642730       11.86       121.7                               133.6                                  
       1.62e+09           1       98139      642730       1.524       120.6                               122.1                                  
       1.64e+09           1       98139      642730       1.601       120.9                               122.5                                  
       1.66e+09           1       98139      642730       1.478       118.4                               119.9                                  
       1.68e+09           1       98139      642730       1.464       127.1                               128.6                                  
        1.7e+09           1       98139      642730       1.525       124.3                               125.8                                  
       1.72e+09           1       98139      642730       1.613       122.8                               124.4                                  
       1.74e+09           1       98139      642730       1.543       115.7                               117.3                                  
       1.76e+09           1       98139      642730        1.64       123.6                               125.3                                  
       1.78e+09           1       98139      642730       1.512       117.8                               119.3                                  
        1.8e+09           1       98139      642730       1.593       127.5                               129.1                                  
       1.82e+09           1       98139      642730        1.63       122.9                               124.6                                  
       1.84e+09           1       98139      642730       1.582       122.8                               124.4                                  
       1.86e+09           1       98139      642730       1.644       121.9                               123.6                                  
       1.88e+09           1       98139      642730       1.615       129.6                               131.2                                  
        1.9e+09           1       98139      642730       1.641       122.1                               123.8                                  
       1.92e+09           1       98139      642730       1.578       123.4                                 125                                  
       1.94e+09           1       98139      642730       1.686       122.1                               123.8                                  
       1.96e+09           1       98139      642730       1.537       120.1                               121.7                                  
       1.98e+09           1       98139      642730       1.633       122.2                               123.8                                  
          2e+09           1       98139      642730        1.66       126.3                               127.9                                  
       2.02e+09           1       98139      642730       1.494       121.1                               122.6                                  
       2.04e+09           1       98139      642730       1.683       118.8                               120.5                                  
       2.06e+09           1       98139      642730         1.7       121.5                               123.2                                  
       2.08e+09           1       98139      642730       1.552         118                               119.6                                  
        2.1e+09           1       98139      642730       1.682       124.8                               126.4                                  
       2.12e+09           1       98139      642730       1.517       118.5                                 120                                  
       2.14e+09           1       98139      642730        1.69       121.3                                 123                                  
       2.16e+09           1       98139      642730       1.633       121.5                               123.1                                  
       2.18e+09           1       98139      642730       1.684       119.8                               121.5                                  
        2.2e+09           1       98139      642730       1.543       126.7                               128.3                                  
       2.22e+09           1       98139      642730       1.666       129.7                               131.4                                  
       2.24e+09           1       98139      642730       1.643       131.2                               132.9                                  
       2.26e+09           1       98139      642730       1.617       125.4                                 127                                  
       2.28e+09           1       98139      642730       1.696       128.3                                 130                                  
        2.3e+09           1       98139      642730       1.721       123.6                               125.3                                  
       2.32e+09           1       98139      642730       1.552         119                               120.5                                  
       2.34e+09           1       98139      642730       1.722       120.4                               122.1                                  
       2.36e+09           1       98139      642730       1.656       115.9                               117.6                                  
       2.38e+09           1       98139      642730       1.711       117.8                               119.5                                  
        2.4e+09           1       98139      642730       1.685         124                               125.6                                  
          6e+09          14       98139      642730       8.434       118.8                               127.2                                  
