-------------------------------------------------------------------------------------------------------------------------------------------------
      frequency   iteration   mesh size   DOF count     setup,s     solve,s  mesh err,s    refine,s     total,s   relative error absolute H error
-------------------------------------------------------------------------------------------------------------------------------------------------
          6e+09           1       10677       75696        4.35       6.556       1.322    0.002699       12.23                         0.0001139
                          2       12891       90130      0.7803       8.389       2.822    0.004283          12           0.2419        2.436e-05
                          3       15518      107216      0.7934       10.95        4.43    0.004195       16.18          0.04036        1.219e-05
                          4       18852      128670      0.8197       13.76       5.776    0.004735       20.36          0.07279        9.248e-06
                          5       22979      155282      0.8762       16.82       6.509    0.005284       24.21           0.2867        1.005e-05
                          6       27218      182768       1.171       20.13       7.355    0.006766       28.66           0.3625        8.167e-06
                          7       32407      216480        1.56       24.84        8.97    0.008503       35.38           0.2201         6.12e-06
                          8       38803      257816       1.255       31.36       11.72     0.01089       44.35          0.04685        4.801e-06
                          9       45178      299258       1.996       39.09       14.85     0.01178       55.95          0.05824        4.088e-06
                         10       52323      345536       2.206       45.37       18.15     0.01282       65.74          0.01947        3.933e-06
                         11       59822      394306       1.659       57.77          20     0.01826       79.44          0.01412        2.625e-06
                         12       71738      471370       1.601       78.42       25.71     0.02081       105.8           0.0118        2.191e-06
                         13       83433      547156       1.528       103.8       31.65   0.0001553         137         0.002069        1.682e-06
          4e+09           1       83433      547156       1.533        99.8       31.68     0.03462       133.1                         1.113e-05
                          2       98139      642730       1.593       123.6       50.56   0.0001635       175.8         0.001536        6.564e-06
          1e+08           1       98139      642730       13.33       124.3                               137.6                                  
          2e+08           1       98139      642730       1.445       117.1                               118.6                                  
          3e+08           1       98139      642730        1.44         118                               119.4                                  
          4e+08           1       98139      642730       1.453       121.9                               123.3                                  
          5e+08           1       98139      642730       1.453       122.3                               123.8                                  
          6e+08           1       98139      642730       1.502       121.6                               123.1                                  
          7e+08           1       98139      642730       1.569       124.9                               126.5                                  
          8e+08           1       98139      642730       1.609       129.4                                 131                                  
          9e+08           1       98139      642730        1.51       121.8                               123.3                                  
          1e+09           1       98139      642730       1.596       126.9                               128.5                                  
        1.1e+09           1       98139      642730       1.503       119.4                               120.9                                  
        1.2e+09           1       98139      642730        1.59       125.5                               127.1                                  
        1.3e+09           1       98139      642730       1.624       127.2                               128.9                                  
        1.4e+09           1       98139      642730       1.643       120.6                               122.2                                  
        1.5e+09           1       98139      642730       1.613       116.7                               118.3                                  
        1.6e+09           1       98139      642730       1.466       117.5                                 119                                  
        1.7e+09           1       98139      642730       1.633       125.8                               127.5                                  
        1.8e+09           1       98139      642730       1.649       116.5                               118.2                                  
        1.9e+09           1       98139      642730       1.718       125.3                                 127                                  
          2e+09           1       98139      642730       1.547       119.9                               121.4                                  
        2.1e+09           1       98139      642730       1.664       126.1                               127.7                                  
        2.2e+09           1       98139      642730       1.518       125.3                               126.8                                  
        2.3e+09           1       98139      642730       1.662       122.4                                 124                                  
        2.4e+09           1       98139      642730       1.556       118.7                               120.3                                  
        2.5e+09           1       98139      642730       1.657       122.7                               124.4                                  
        2.6e+09           1       98139      642730       1.711       123.1                               124.9                                  
        2.7e+09           1       98139      642730       1.695       123.2                               124.9                                  
        2.8e+09           1       98139      642730       1.552       127.4                               128.9                                  
        2.9e+09           1       98139      642730        1.64       121.3                               122.9                                  
          3e+09           1       98139      642730       1.735       125.1                               126.8                                  
        3.1e+09           1       98139      642730       1.668       117.1                               118.8                                  
        3.2e+09           1       98139      642730       1.699       128.5                               130.2                                  
        3.3e+09           1       98139      642730       1.664       126.2                               127.9                                  
        3.4e+09           1       98139      642730       1.558       125.1                               126.6                                  
        3.5e+09           1       98139      642730       1.625       127.3                                 129                                  
        3.6e+09           1       98139      642730       1.624       121.5                               123.1                                  
        3.7e+09           1       98139      642730       1.674       119.6                               121.3                                  
        3.8e+09           1       98139      642730       1.712       127.3                                 129                                  
        3.9e+09           1       98139      642730       1.615       124.9                               126.5                                  
        4.1e+09           1       98139      642730       1.565       120.9                               122.4                                  
        4.2e+09           1       98139      642730       1.596       118.5                               120.1                                  
        4.3e+09           1       98139      642730       1.713       120.9                               122.6                                  
        4.4e+09           1       98139      642730       1.635       116.9                               118.5                                  
        4.5e+09           1       98139      642730       1.591       119.3                               120.9                                  
        4.6e+09           1       98139      642730       1.727       126.6                               128.3                                  
        4.7e+09           1       98139      642730       1.713       120.8                               122.5                                  
        4.8e+09           1       98139      642730       1.718       121.4                               123.1                                  
        4.9e+09           1       98139      642730       1.596       123.7                               125.3                                  
          5e+09           1       98139      642730       1.751         127                               128.7                                  
        5.1e+09           1       98139      642730       1.786         125                               126.8                                  
        5.2e+09           1       98139      642730       1.622         124                               125.6                                  
        5.3e+09           1       98139      642730       1.746       121.9                               123.7                                  
        5.4e+09           1       98139      642730        1.67         123                               124.7                                  
        5.5e+09           1       98139      642730       1.754       123.9                               125.7                                  
        5.6e+09           1       98139      642730       1.762       123.2                               124.9                                  
        5.7e+09           1       98139      642730       1.802       117.9                               119.7                                  
        5.8e+09           1       98139      642730       1.767       122.1                               123.9                                  
        5.9e+09           1       98139      642730       1.669       128.7                               130.4                                  
          6e+09          14       98139      642730       1.754       118.7                               120.4                                  
        6.1e+09           1       98139      642730       1.689       121.9                               123.6                                  
        6.2e+09           1       98139      642730       1.792       123.8                               125.6                                  
        6.3e+09           1       98139      642730       1.754       122.1                               123.8                                  
        6.4e+09           1       98139      642730       1.847       127.6                               129.5                                  
        6.5e+09           1       98139      642730         1.8       120.9                               122.7                                  
        6.6e+09           1       98139      642730       1.692         125                               126.7                                  
        6.7e+09           1       98139      642730       1.809       123.7                               125.5                                  
        6.8e+09           1       98139      642730       1.806       120.1                               121.9                                  
        6.9e+09           1       98139      642730       1.752       124.8                               126.5                                  
          7e+09           1       98139      642730       1.807       122.4                               124.2                                  
        7.1e+09           1       98139      642730       1.823       121.4                               123.2                                  
        7.2e+09           1       98139      642730       1.811       128.2                                 130                                  
        7.3e+09           1       98139      642730       1.813       126.1                               127.9                                  
        7.4e+09           1       98139      642730       1.874         123                               124.9                                  
        7.5e+09           1       98139      642730       1.752         124                               125.8                                  
        7.6e+09           1       98139      642730        1.68       124.5                               126.2                                  
        7.7e+09           1       98139      642730       1.842       123.1                                 125                                  
        7.8e+09           1       98139      642730       1.732       129.1                               130.8                                  
        7.9e+09           1       98139      642730       1.733         124                               125.7                                  
          8e+09           1       98139      642730       1.775       126.4                               128.2                                  
        8.1e+09           1       98139      642730       1.853       125.3                               127.2                                  
        8.2e+09           1       98139      642730       1.853       125.7                               127.5                                  
        8.3e+09           1       98139      642730       1.822       129.7                               131.5                                  
        8.4e+09           1       98139      642730       1.728       127.3                               129.1                                  
        8.5e+09           1       98139      642730       1.906       131.4                               133.3                                  
        8.6e+09           1       98139      642730       1.743       122.4                               124.2                                  
        8.7e+09           1       98139      642730       1.864       121.3                               123.2                                  
        8.8e+09           1       98139      642730       1.763       124.4                               126.1                                  
        8.9e+09           1       98139      642730       1.826       131.8                               133.6                                  
          9e+09           1       98139      642730        1.78       119.2                                 121                                  
        9.1e+09           1       98139      642730       1.806       120.8                               122.6                                  
        9.2e+09           1       98139      642730       1.884       123.2                               125.1                                  
        9.3e+09           1       98139      642730        1.87       127.7                               129.6                                  
        9.4e+09           1       98139      642730       1.779       125.4                               127.2                                  
        9.5e+09           1       98139      642730       1.884       116.6                               118.5                                  
        9.6e+09           1       98139      642730       1.827         116                               117.9                                  
        9.7e+09           1       98139      642730       1.795       121.8                               123.6                                  
        9.8e+09           1       98139      642730       1.926       122.3                               124.2                                  
        9.9e+09           1       98139      642730        1.94       125.7                               127.7                                  
          1e+10           1       98139      642730       1.931         119                                 121                                  
       1.01e+10           1       98139      642730       1.892       124.1                                 126                                  
       1.02e+10           1       98139      642730        1.85       124.8                               126.6                                  
       1.03e+10           1       98139      642730       1.927       130.9                               132.8                                  
       1.04e+10           1       98139      642730       1.862       120.1                               121.9                                  
       1.05e+10           1       98139      642730       1.834       127.2                               129.1                                  
       1.06e+10           1       98139      642730       1.981       124.1                               126.1                                  
       1.07e+10           1       98139      642730       1.964       126.4                               128.3                                  
       1.08e+10           1       98139      642730       1.959       123.6                               125.6                                  
       1.09e+10           1       98139      642730       2.029       123.5                               125.6                                  
        1.1e+10           1       98139      642730       1.863       122.6                               124.4                                  
       1.11e+10           1       98139      642730       1.829       118.3                               120.1                                  
       1.12e+10           1       98139      642730       1.917       121.8                               123.7                                  
       1.13e+10           1       98139      642730       1.983       123.7                               125.7                                  
       1.14e+10           1       98139      642730       1.936       123.7                               125.6                                  
       1.15e+10           1       98139      642730       2.015       120.3                               122.3                                  
       1.16e+10           1       98139      642730       1.843         121                               122.8                                  
       1.17e+10           1       98139      642730       1.948       119.4                               121.3                                  
       1.18e+10           1       98139      642730       1.884       120.3                               122.1                                  
       1.19e+10           1       98139      642730       1.821       122.6                               124.4                                  
        1.2e+10           1       98139      642730       1.971       118.7                               120.6                                  
