-------------------------------------------------------------------------------------------------------------------------------------------------
      frequency   iteration   mesh size   DOF count     setup,s     solve,s  mesh err,s    refine,s     total,s   relative error absolute H error
-------------------------------------------------------------------------------------------------------------------------------------------------
          1e+10           1         764       36112       7.622         6.7                               14.32                                  
       1.01e+10           1         764       36112       5.187       6.822                               12.01                                  
       1.02e+10           1         764       36112       5.261       6.678                               11.94                                  
       1.03e+10           1         764       36112       5.314       6.611                               11.93                                  
       1.04e+10           1         764       36112        5.32        6.58                                11.9                                  
       1.05e+10           1         764       36112       5.349       6.511                               11.86                                  
       1.06e+10           1         764       36112       5.374        6.69                               12.06                                  
       1.07e+10           1         764       36112       5.447       6.699                               12.15                                  
       1.08e+10           1         764       36112       5.434       6.601                               12.04                                  
       1.09e+10           1         764       36112       5.528       6.536                               12.06                                  
        1.1e+10           1         764       36112       5.565       6.536                                12.1                                  
       1.11e+10           1         764       36112       5.513       6.508                               12.02                                  
       1.12e+10           1         764       36112       5.573       6.621                               12.19                                  
       1.13e+10           1         764       36112       5.725       6.513                               12.24                                  
       1.14e+10           1         764       36112       5.728       6.561                               12.29                                  
       1.15e+10           1         764       36112       5.704       6.614                               12.32                                  
       1.16e+10           1         764       36112       5.695       6.567                               12.26                                  
       1.17e+10           1         764       36112       5.689       6.671                               12.36                                  
       1.18e+10           1         764       36112        5.71       6.651                               12.36                                  
       1.19e+10           1         764       36112       5.816       6.389                                12.2                                  
        1.2e+10           1         764       36112        5.86       6.602                               12.46                                  
       1.21e+10           1         764       36112       5.962       6.476                               12.44                                  
       1.22e+10           1         764       36112       5.922        6.46                               12.38                                  
       1.23e+10           1         764       36112       6.103       6.497                                12.6                                  
       1.24e+10           1         764       36112       6.026       6.495                               12.52                                  
       1.25e+10           1         764       36112        6.24        6.41                               12.65                                  
       1.26e+10           1         764       36112       6.388       6.451                               12.84                                  
       1.27e+10           1         764       36112        6.29       6.524                               12.81                                  
       1.28e+10           1         764       36112       6.304       6.487                               12.79                                  
       1.29e+10           1         764       36112       6.375        6.51                               12.89                                  
        1.3e+10           1         764       36112       6.419        6.38                                12.8                                  
       1.31e+10           1         764       36112       6.492       6.431                               12.92                                  
       1.32e+10           1         764       36112       6.416        6.48                                12.9                                  
       1.33e+10           1         764       36112       6.484       6.529                               13.01                                  
       1.34e+10           1         764       36112       6.646       6.455                                13.1                                  
       1.35e+10           1         764       36112       6.668       6.611                               13.28                                  
       1.36e+10           1         764       36112       6.696       6.486                               13.18                                  
       1.37e+10           1         764       36112       6.472       6.426                                12.9                                  
       1.38e+10           1         764       36112       6.702        6.47                               13.17                                  
       1.39e+10           1         764       36112       6.828       6.593                               13.42                                  
        1.4e+10           1         764       36112       6.879       6.462                               13.34                                  
       1.41e+10           1         764       36112       6.759       6.555                               13.31                                  
       1.42e+10           1         764       36112       7.258       6.596                               13.85                                  
       1.43e+10           1         764       36112       7.014       6.539                               13.55                                  
       1.44e+10           1         764       36112       7.004       6.568                               13.57                                  
       1.45e+10           1         764       36112       6.803       6.539                               13.34                                  
       1.46e+10           1         764       36112       6.978       6.537                               13.52                                  
       1.47e+10           1         764       36112       7.158       6.394                               13.55                                  
       1.48e+10           1         764       36112       7.094       6.327                               13.42                                  
       1.49e+10           1         764       36112       7.121       6.667                               13.79                                  
        1.5e+10           1         764       36112       7.096       6.564                               13.66                                  
       1.51e+10           1         764       36112       7.218       6.632                               13.85                                  
       1.52e+10           1         764       36112       7.334       6.635                               13.97                                  
       1.53e+10           1         764       36112       7.332       6.764                                14.1                                  
       1.54e+10           1         764       36112        7.46       6.571                               14.03                                  
       1.55e+10           1         764       36112       7.671        6.54                               14.21                                  
       1.56e+10           1         764       36112       7.559       6.566                               14.12                                  
       1.57e+10           1         764       36112       7.661       6.654                               14.31                                  
       1.58e+10           1         764       36112       7.822       6.492                               14.31                                  
       1.59e+10           1         764       36112       8.056       6.348                                14.4                                  
        1.6e+10           1         764       36112       7.693       6.549                               14.24                                  
