-------------------------------------------------------------------------------------------------------------------------------------------------
      frequency   iteration   mesh size   DOF count     setup,s     solve,s  mesh err,s    refine,s     total,s relative S error absolute H error
-------------------------------------------------------------------------------------------------------------------------------------------------
          1e+10           1         302       43038       7.597       15.01       28.38    0.000206       50.99                         6.038e-06
                          2         379       53298       3.059       25.46       50.06   0.0005632       78.58        0.0002449            6e-06
                          3         480       66612       2.934       32.36       59.24   0.0007995       94.54         0.000454        3.861e-06
                          4         858      115818       3.085       106.9       219.2     0.00116       329.2        0.0006993        2.548e-06
                          5        1381      184224       3.091       163.9       309.9    0.001409       476.9         0.000504        1.446e-06
                          6        2036      270210       2.997       252.1       476.9    0.002234       731.9        0.0001016        7.147e-07
                          7        3059      403818       3.201       422.5       792.1   0.0002992        1218        4.171e-05        3.538e-07
