-------------------------------------------------------------------------------------------------------------------------------------------------
      frequency   iteration   mesh size   DOF count     setup,s     solve,s  mesh err,s    refine,s     total,s   relative error absolute H error
-------------------------------------------------------------------------------------------------------------------------------------------------
          4e+09           1        8745      177150       167.6        45.5       17.85    0.002632       230.9                         2.959e-06
                          2       12057      240420       3.147       67.02       36.61    0.004671       106.8           0.1654        2.425e-06
                          3       15691      310593        3.17       94.17        62.4    0.009028       159.8          0.05549         1.01e-06
                          4       24200      472680       3.191       167.7       122.7   0.0001859       293.5          0.03019        6.932e-07
          3e+09           1       24200      472680       3.195       162.9       122.5    0.009746       288.6                         3.801e-06
                          2       31277      607902       3.242       227.3       151.7     0.01489       382.2          0.07636        1.797e-06
                          3       41563      804105       3.302       358.5       214.1    0.000194         576          0.04758        9.485e-07
          4e+09           5       41563      804105        3.28       366.4                               369.7                                  
