-------------------------------------------------------------------------------------------------------------------------------------------------
      frequency   iteration   mesh size   DOF count     setup,s     solve,s  mesh err,s    refine,s     total,s   relative error absolute H error
-------------------------------------------------------------------------------------------------------------------------------------------------
          4e+09           1        8745       62634       7.468       10.18       2.701    0.003118       20.35                         4.533e-06
                          2       12215       85622       2.254       14.72       6.092    0.004065       23.07            0.321        2.455e-06
                          3       15697      108790       2.245       19.27       9.455    0.005883       30.97          0.08669        1.725e-06
                          4       20031      137630       2.257       24.78          14    0.009579       41.05          0.03099        1.222e-06
                          5       27828      189008       2.302       36.93       22.42      0.0125       61.67          0.02173        8.772e-07
                          6       36920      249048       2.277       52.41        33.7     0.01909       88.41          0.03658        8.339e-07
                          7       48435      324860       2.543       76.93       58.04   0.0001829       137.5          0.07137        6.075e-07
          3e+09           1       48435      324860       2.474        75.8       58.61     0.02179       136.9                         4.915e-06
                          2       57582      385300       2.536        98.8       64.47     0.02535       165.8            0.112        1.578e-06
                          3       74619      497382       2.641         135        78.2      0.0333       215.9          0.07632        1.154e-06
                          4       99919      663038       2.729       197.2       104.3     0.04948       304.3           0.0609         8.93e-07
                          5      132635      877164       2.854       279.9       157.5     0.08132       440.3         0.008749          7.4e-07
                          6      174074     1148768       3.031       409.2       227.6   0.0002194       639.8          0.02197        5.045e-07
          5e+08           1      174074     1148768        1457       417.5                                1875                                  
        5.5e+08           1      174074     1148768       2.981       430.4                               433.4                                  
          6e+08           1      174074     1148768       2.967       437.5                               440.4                                  
        6.5e+08           1      174074     1148768       3.035       420.9                               423.9                                  
          7e+08           1      174074     1148768        2.99       405.9                               408.9                                  
        7.5e+08           1      174074     1148768       3.048       413.2                               416.2                                  
          8e+08           1      174074     1148768       3.023       416.7                               419.7                                  
        8.5e+08           1      174074     1148768       3.099       426.3                               429.4                                  
          9e+08           1      174074     1148768       3.049       414.2                               417.3                                  
        9.5e+08           1      174074     1148768        3.08       418.5                               421.6                                  
          1e+09           1      174074     1148768       3.113       412.6                               415.7                                  
       1.05e+09           1      174074     1148768       3.157       409.8                               412.9                                  
        1.1e+09           1      174074     1148768       3.105       420.4                               423.5                                  
       1.15e+09           1      174074     1148768       3.065       424.5                               427.6                                  
        1.2e+09           1      174074     1148768       3.102       414.4                               417.5                                  
       1.25e+09           1      174074     1148768       3.224       414.5                               417.7                                  
        1.3e+09           1      174074     1148768       3.148       401.9                                 405                                  
       1.35e+09           1      174074     1148768       3.236       425.2                               428.4                                  
        1.4e+09           1      174074     1148768       3.269       409.2                               412.5                                  
       1.45e+09           1      174074     1148768       3.259       421.3                               424.6                                  
        1.5e+09           1      174074     1148768       3.262       413.3                               416.5                                  
       1.55e+09           1      174074     1148768       3.234       421.8                               425.1                                  
        1.6e+09           1      174074     1148768       3.073       410.1                               413.2                                  
       1.65e+09           1      174074     1148768       3.303       411.4                               414.7                                  
        1.7e+09           1      174074     1148768       3.249       417.1                               420.4                                  
       1.75e+09           1      174074     1148768       3.251       416.1                               419.4                                  
        1.8e+09           1      174074     1148768       3.135       432.1                               435.3                                  
       1.85e+09           1      174074     1148768       3.255       413.3                               416.5                                  
        1.9e+09           1      174074     1148768       3.199       435.3                               438.5                                  
       1.95e+09           1      174074     1148768       3.325       422.6                                 426                                  
          2e+09           1      174074     1148768       3.389       421.2                               424.6                                  
       2.05e+09           1      174074     1148768       3.493       401.1                               404.6                                  
        2.1e+09           1      174074     1148768       3.377       416.5                               419.9                                  
       2.15e+09           1      174074     1148768        3.34       407.4                               410.7                                  
        2.2e+09           1      174074     1148768       3.406       420.8                               424.2                                  
       2.25e+09           1      174074     1148768       3.387       418.7                               422.1                                  
        2.3e+09           1      174074     1148768       3.387       417.3                               420.7                                  
       2.35e+09           1      174074     1148768        3.49       413.7                               417.1                                  
        2.4e+09           1      174074     1148768       3.463       421.4                               424.9                                  
       2.45e+09           1      174074     1148768       3.465       414.5                                 418                                  
        2.5e+09           1      174074     1148768       3.425       420.1                               423.5                                  
       2.55e+09           1      174074     1148768       3.558       433.6                               437.2                                  
        2.6e+09           1      174074     1148768       3.575         417                               420.5                                  
       2.65e+09           1      174074     1148768       3.561       417.8                               421.4                                  
        2.7e+09           1      174074     1148768       3.451       418.7                               422.2                                  
       2.75e+09           1      174074     1148768       3.536       411.3                               414.9                                  
        2.8e+09           1      174074     1148768        3.53         403                               406.5                                  
       2.85e+09           1      174074     1148768        3.55       416.8                               420.4                                  
        2.9e+09           1      174074     1148768        3.56       409.6                               413.2                                  
       2.95e+09           1      174074     1148768       3.571       407.2                               410.8                                  
       3.05e+09           1      174074     1148768       3.603       428.2                               431.8                                  
        3.1e+09           1      174074     1148768       3.658       425.6                               429.2                                  
       3.15e+09           1      174074     1148768       3.678       411.5                               415.2                                  
        3.2e+09           1      174074     1148768       3.665         415                               418.7                                  
       3.25e+09           1      174074     1148768       3.779       423.1                               426.9                                  
        3.3e+09           1      174074     1148768       3.669       406.8                               410.4                                  
       3.35e+09           1      174074     1148768       3.675       414.2                               417.9                                  
        3.4e+09           1      174074     1148768       3.685       416.7                               420.4                                  
       3.45e+09           1      174074     1148768       3.656       421.9                               425.5                                  
        3.5e+09           1      174074     1148768       3.782       424.2                               427.9                                  
       3.55e+09           1      174074     1148768         3.9       394.9                               398.8                                  
        3.6e+09           1      174074     1148768       3.748       419.3                                 423                                  
       3.65e+09           1      174074     1148768       3.744       426.9                               430.7                                  
        3.7e+09           1      174074     1148768       3.823       416.8                               420.6                                  
       3.75e+09           1      174074     1148768       3.733       426.2                               429.9                                  
        3.8e+09           1      174074     1148768       3.765       413.7                               417.5                                  
       3.85e+09           1      174074     1148768        3.82       410.4                               414.2                                  
        3.9e+09           1      174074     1148768       3.806       412.3                               416.1                                  
       3.95e+09           1      174074     1148768       3.828       419.2                                 423                                  
          4e+09           8      174074     1148768       3.848         413                               416.9                                  
       4.05e+09           1      174074     1148768       3.852       406.1                                 410                                  
        4.1e+09           1      174074     1148768       3.865       410.5                               414.4                                  
       4.15e+09           1      174074     1148768        3.83       406.8                               410.7                                  
        4.2e+09           1      174074     1148768       3.871         423                               426.9                                  
       4.25e+09           1      174074     1148768        3.96       418.5                               422.5                                  
        4.3e+09           1      174074     1148768       3.933       410.7                               414.7                                  
       4.35e+09           1      174074     1148768       3.958       420.7                               424.7                                  
        4.4e+09           1      174074     1148768       3.998       416.8                               420.8                                  
       4.45e+09           1      174074     1148768       4.055       432.3                               436.3                                  
        4.5e+09           1      174074     1148768       3.874       415.7                               419.5                                  
