-------------------------------------------------------------------------------------------------------------------------------------------------
      frequency   iteration   mesh size   DOF count     setup,s     solve,s  mesh err,s    refine,s     total,s   relative error absolute H error
-------------------------------------------------------------------------------------------------------------------------------------------------
          4e+09           1        8745      177150       179.5        44.7       17.89     0.00266       242.1                         2.959e-06
                          2       12057      240420       3.014       66.63       37.09    0.004608       106.7           0.1654        2.425e-06
                          3       15691      310593       3.125       91.44       62.96    0.009018       157.5          0.05549         1.01e-06
                          4       24200      472680       3.243       156.6       124.1   0.0001888       283.9          0.03019        6.932e-07
          3e+09           1       24200      472680       3.208       165.6       122.9    0.009292       291.7                         3.801e-06
                          2       31277      607902        3.34       238.1       150.1     0.01477       391.6          0.07636        1.797e-06
                          3       41563      804105       3.307       332.4       216.3   0.0001975         552          0.04758        9.485e-07
          5e+08           1       41563      804105       268.7       361.3                               630.1                                  
        5.5e+08           1       41563      804105       3.278       346.8                               350.1                                  
          6e+08           1       41563      804105        3.31       367.7                                 371                                  
        6.5e+08           1       41563      804105       3.342       361.1                               364.4                                  
          7e+08           1       41563      804105       3.331       360.6                               363.9                                  
        7.5e+08           1       41563      804105       3.333       367.9                               371.2                                  
          8e+08           1       41563      804105        3.32       357.1                               360.5                                  
        8.5e+08           1       41563      804105       3.399       352.6                                 356                                  
          9e+08           1       41563      804105       3.195       353.3                               356.5                                  
        9.5e+08           1       41563      804105       3.394       354.7                               358.1                                  
          1e+09           1       41563      804105       3.446       355.5                               358.9                                  
       1.05e+09           1       41563      804105       3.393       351.1                               354.5                                  
        1.1e+09           1       41563      804105       3.473       354.9                               358.4                                  
       1.15e+09           1       41563      804105       3.436       343.4                               346.9                                  
        1.2e+09           1       41563      804105       3.369       354.5                               357.8                                  
       1.25e+09           1       41563      804105       3.419       361.2                               364.6                                  
        1.3e+09           1       41563      804105       3.451       354.3                               357.8                                  
       1.35e+09           1       41563      804105       3.452       345.9                               349.4                                  
        1.4e+09           1       41563      804105       3.423       354.1                               357.6                                  
       1.45e+09           1       41563      804105       3.484       364.6                               368.1                                  
        1.5e+09           1       41563      804105       3.447       349.5                               352.9                                  
       1.55e+09           1       41563      804105        3.55       347.1                               350.6                                  
        1.6e+09           1       41563      804105       3.557       360.5                               364.1                                  
       1.65e+09           1       41563      804105       3.523       346.9                               350.4                                  
        1.7e+09           1       41563      804105       3.581       344.6                               348.2                                  
       1.75e+09           1       41563      804105       3.598       355.3                               358.9                                  
        1.8e+09           1       41563      804105       3.635         351                               354.6                                  
       1.85e+09           1       41563      804105       3.592       356.4                                 360                                  
        1.9e+09           1       41563      804105       3.624       368.5                               372.2                                  
       1.95e+09           1       41563      804105       3.795       347.3                               351.1                                  
          2e+09           1       41563      804105       3.688       356.8                               360.5                                  
       2.05e+09           1       41563      804105       3.651       353.6                               357.2                                  
        2.1e+09           1       41563      804105       3.736       346.7                               350.5                                  
       2.15e+09           1       41563      804105       3.759       351.8                               355.6                                  
        2.2e+09           1       41563      804105       3.725       360.2                                 364                                  
       2.25e+09           1       41563      804105       3.676         353                               356.7                                  
        2.3e+09           1       41563      804105       3.676       366.4                               370.1                                  
       2.35e+09           1       41563      804105       3.706       345.5                               349.2                                  
        2.4e+09           1       41563      804105       3.686       347.3                                 351                                  
       2.45e+09           1       41563      804105       3.854         372                               375.8                                  
        2.5e+09           1       41563      804105       3.799         365                               368.8                                  
       2.55e+09           1       41563      804105       3.844       363.9                               367.7                                  
        2.6e+09           1       41563      804105       3.825       356.5                               360.3                                  
       2.65e+09           1       41563      804105       3.797       369.3                               373.1                                  
        2.7e+09           1       41563      804105       3.837       358.2                                 362                                  
       2.75e+09           1       41563      804105        3.84       347.5                               351.3                                  
        2.8e+09           1       41563      804105       3.801       374.9                               378.7                                  
       2.85e+09           1       41563      804105       3.838       364.9                               368.7                                  
        2.9e+09           1       41563      804105       3.834       341.2                                 345                                  
       2.95e+09           1       41563      804105       3.888       354.7                               358.6                                  
       3.05e+09           1       41563      804105        3.91       348.7                               352.6                                  
        3.1e+09           1       41563      804105       3.881         350                               353.8                                  
       3.15e+09           1       41563      804105       3.904       351.3                               355.2                                  
        3.2e+09           1       41563      804105       3.875       351.1                                 355                                  
       3.25e+09           1       41563      804105       3.897       351.8                               355.7                                  
        3.3e+09           1       41563      804105       3.999       353.9                               357.9                                  
       3.35e+09           1       41563      804105       3.729         343                               346.7                                  
        3.4e+09           1       41563      804105       4.028       368.8                               372.8                                  
       3.45e+09           1       41563      804105       3.939       358.7                               362.6                                  
        3.5e+09           1       41563      804105       4.087       345.1                               349.2                                  
       3.55e+09           1       41563      804105       4.003       351.8                               355.8                                  
        3.6e+09           1       41563      804105       4.035       353.5                               357.6                                  
       3.65e+09           1       41563      804105        3.99       352.6                               356.6                                  
        3.7e+09           1       41563      804105       4.192       346.1                               350.3                                  
       3.75e+09           1       41563      804105        4.22       351.2                               355.4                                  
        3.8e+09           1       41563      804105        3.98       339.2                               343.2                                  
       3.85e+09           1       41563      804105       4.179       344.5                               348.6                                  
        3.9e+09           1       41563      804105       4.103       352.3                               356.4                                  
       3.95e+09           1       41563      804105       4.078       353.6                               357.7                                  
          4e+09           5       41563      804105       4.251       359.9                               364.1                                  
       4.05e+09           1       41563      804105        4.11       358.2                               362.3                                  
        4.1e+09           1       41563      804105       4.195       352.3                               356.5                                  
       4.15e+09           1       41563      804105        4.08       354.8                               358.9                                  
        4.2e+09           1       41563      804105       4.133       362.6                               366.8                                  
       4.25e+09           1       41563      804105       4.224       347.7                               351.9                                  
        4.3e+09           1       41563      804105        4.22       359.5                               363.7                                  
       4.35e+09           1       41563      804105       4.209       359.2                               363.4                                  
        4.4e+09           1       41563      804105       4.167       339.6                               343.8                                  
       4.45e+09           1       41563      804105       4.288         356                               360.2                                  
        4.5e+09           1       41563      804105       4.339       344.8                               349.1                                  
