-------------------------------------------------------------------------------------------------------------------------------------------------
      frequency   iteration   mesh size   DOF count     setup,s     solve,s  mesh err,s    refine,s     total,s   relative error absolute H error
-------------------------------------------------------------------------------------------------------------------------------------------------
          4e+09           1        8745       12329       3.053       1.953       0.117    0.003659       5.126                         2.379e-06
                          2       13346       18041       1.875       2.809      0.2633    0.005739       4.953           0.4819        1.615e-06
                          3       20082       26386        1.91       4.109      0.3877     0.01008       6.417           0.2401          1.4e-06
                          4       29211       37775       1.961       5.824      0.7531      0.0156       8.554           0.2513         1.08e-06
                          5       41771       53358       2.054       8.246       1.308     0.02815       11.64           0.1696        7.381e-07
                          6       57296       72660        2.08       11.48       2.344     0.03678       15.94           0.2412        5.461e-07
                          7       82212      103211       2.194       16.66       3.283     0.05333       22.19          0.02143        4.221e-07
                          8      120207      149884       2.355       24.28       5.156     0.09691       31.89           0.0521        3.328e-07
                          9      168939      209512       2.523       35.89       10.06      0.1778       48.66           0.1224        2.772e-07
                         10      238882      294932       2.951       56.69       20.74      0.1851       80.57          0.07596         3.17e-07
                         11      321898      395699       3.029       76.65       25.32   0.0002003         105          0.09274        2.034e-07
          3e+09           1      321898      395699       2.993       77.67        25.8      0.2048       106.7                           1.4e-06
                          2      404873      496557       3.221       106.8       34.87      0.3003       145.2          0.07639        6.693e-07
                          3      551827      675336       3.504       150.2       52.88      0.4452         207           0.1136        3.112e-07
                          4      768052      937746        4.15       225.8       86.74      0.7489       317.4           0.1103        1.968e-07
                          5     1083479     1319917       5.289       353.2       153.6   0.0002035       512.1          0.02462        1.807e-07
          5e+08           1     1083479     1319917         966       355.5                                1322                                  
        5.5e+08           1     1083479     1319917       5.072       355.4                               360.5                                  
          6e+08           1     1083479     1319917       4.977       362.3                               367.3                                  
        6.5e+08           1     1083479     1319917        5.19       353.6                               358.8                                  
          7e+08           1     1083479     1319917        5.11       358.3                               363.4                                  
        7.5e+08           1     1083479     1319917       5.131         356                               361.1                                  
          8e+08           1     1083479     1319917       5.276       349.7                               354.9                                  
        8.5e+08           1     1083479     1319917       5.039         357                                 362                                  
          9e+08           1     1083479     1319917       5.221       354.9                               360.1                                  
        9.5e+08           1     1083479     1319917       5.144       354.1                               359.2                                  
          1e+09           1     1083479     1319917       5.025       350.1                               355.1                                  
       1.05e+09           1     1083479     1319917       5.156       360.2                               365.4                                  
        1.1e+09           1     1083479     1319917       5.207       346.6                               351.8                                  
       1.15e+09           1     1083479     1319917       5.258       357.6                               362.8                                  
        1.2e+09           1     1083479     1319917       5.198       345.4                               350.6                                  
       1.25e+09           1     1083479     1319917       5.271       353.7                                 359                                  
        1.3e+09           1     1083479     1319917       5.315       358.9                               364.2                                  
       1.35e+09           1     1083479     1319917       5.145         354                               359.1                                  
        1.4e+09           1     1083479     1319917       5.125       356.4                               361.5                                  
       1.45e+09           1     1083479     1319917       5.238       354.5                               359.7                                  
        1.5e+09           1     1083479     1319917       5.338       347.9                               353.2                                  
       1.55e+09           1     1083479     1319917       5.374       358.1                               363.5                                  
        1.6e+09           1     1083479     1319917       5.352       358.3                               363.7                                  
       1.65e+09           1     1083479     1319917        5.29       352.4                               357.7                                  
        1.7e+09           1     1083479     1319917       5.368       365.7                                 371                                  
       1.75e+09           1     1083479     1319917       5.249       354.7                                 360                                  
        1.8e+09           1     1083479     1319917       5.135       356.9                                 362                                  
       1.85e+09           1     1083479     1319917       5.328         356                               361.3                                  
        1.9e+09           1     1083479     1319917        5.33         357                               362.3                                  
       1.95e+09           1     1083479     1319917       5.455       350.2                               355.6                                  
          2e+09           1     1083479     1319917       5.202       358.3                               363.5                                  
       2.05e+09           1     1083479     1319917       5.397         357                               362.4                                  
        2.1e+09           1     1083479     1319917       5.468       357.1                               362.6                                  
       2.15e+09           1     1083479     1319917        5.23       357.4                               362.6                                  
        2.2e+09           1     1083479     1319917       5.476       348.5                                 354                                  
       2.25e+09           1     1083479     1319917       5.486       354.3                               359.8                                  
        2.3e+09           1     1083479     1319917       5.322       350.1                               355.4                                  
       2.35e+09           1     1083479     1319917       5.552       343.4                                 349                                  
        2.4e+09           1     1083479     1319917       5.353       363.3                               368.6                                  
       2.45e+09           1     1083479     1319917       5.475       364.7                               370.2                                  
        2.5e+09           1     1083479     1319917        5.39       365.2                               370.5                                  
       2.55e+09           1     1083479     1319917       5.465       359.2                               364.6                                  
        2.6e+09           1     1083479     1319917       5.275         366                               371.3                                  
       2.65e+09           1     1083479     1319917       5.589       356.1                               361.7                                  
        2.7e+09           1     1083479     1319917       5.513       350.6                               356.1                                  
       2.75e+09           1     1083479     1319917       5.586       354.6                               360.2                                  
        2.8e+09           1     1083479     1319917       5.312       357.1                               362.4                                  
       2.85e+09           1     1083479     1319917       5.279       359.6                               364.9                                  
        2.9e+09           1     1083479     1319917         5.4       356.7                               362.1                                  
       2.95e+09           1     1083479     1319917       5.409       346.9                               352.3                                  
       3.05e+09           1     1083479     1319917       5.388       353.5                               358.9                                  
        3.1e+09           1     1083479     1319917       5.605       355.2                               360.8                                  
       3.15e+09           1     1083479     1319917       5.697       361.6                               367.3                                  
        3.2e+09           1     1083479     1319917       5.639       351.1                               356.7                                  
       3.25e+09           1     1083479     1319917        5.72       353.6                               359.3                                  
        3.3e+09           1     1083479     1319917       5.732       375.6                               381.3                                  
       3.35e+09           1     1083479     1319917       5.315       361.9                               367.2                                  
        3.4e+09           1     1083479     1319917       5.663       349.4                                 355                                  
       3.45e+09           1     1083479     1319917       5.755       355.2                                 361                                  
        3.5e+09           1     1083479     1319917       5.493       358.4                               363.9                                  
       3.55e+09           1     1083479     1319917       5.513         364                               369.5                                  
        3.6e+09           1     1083479     1319917       5.678         348                               353.7                                  
       3.65e+09           1     1083479     1319917        5.42       359.8                               365.2                                  
        3.7e+09           1     1083479     1319917       5.878       353.3                               359.2                                  
       3.75e+09           1     1083479     1319917       5.789       361.7                               367.5                                  
        3.8e+09           1     1083479     1319917       5.634       351.7                               357.3                                  
       3.85e+09           1     1083479     1319917       5.797       354.4                               360.2                                  
        3.9e+09           1     1083479     1319917       5.797         358                               363.8                                  
       3.95e+09           1     1083479     1319917       5.846       352.5                               358.3                                  
          4e+09          12     1083479     1319917       5.882       360.2                               366.1                                  
       4.05e+09           1     1083479     1319917       5.625       360.5                               366.1                                  
        4.1e+09           1     1083479     1319917       5.867       349.5                               355.4                                  
       4.15e+09           1     1083479     1319917       5.786       349.6                               355.4                                  
        4.2e+09           1     1083479     1319917       5.864       360.3                               366.1                                  
       4.25e+09           1     1083479     1319917       5.954       354.3                               360.3                                  
        4.3e+09           1     1083479     1319917       5.795         356                               361.8                                  
       4.35e+09           1     1083479     1319917       5.927       361.4                               367.3                                  
        4.4e+09           1     1083479     1319917       5.905       359.7                               365.6                                  
       4.45e+09           1     1083479     1319917       5.769       351.9                               357.7                                  
        4.5e+09           1     1083479     1319917       5.978       354.4                               360.4                                  
