-------------------------------------------------------------------------------------------------------------------------------------------------
      frequency   iteration   mesh size   DOF count     setup,s     solve,s  mesh err,s    refine,s     total,s relative S error absolute H error
-------------------------------------------------------------------------------------------------------------------------------------------------
          1e+10           1         302       43038       7.683       15.28       28.65   0.0002646       51.62                         6.038e-06
                          2         379       53298       3.012       25.43       50.08   0.0004554       78.52        0.0003122            6e-06
                          3         480       66612       3.073       32.47       59.13    0.000721       94.67        0.0005788        3.861e-06
                          4         858      115818       3.025       104.4       219.6   0.0008961       327.1        0.0008918        2.548e-06
                          5        1381      184224       3.209       165.2         310    0.001283       478.4        0.0006468        1.446e-06
                          6        2036      270210       3.145       252.9       476.3     0.00207       732.3        0.0001315        7.147e-07
                          7        3059      403818       3.212       430.7       790.1   0.0002047        1224         5.31e-05        3.538e-07
