-------------------------------------------------------------------------------------------------------------------------------------------------
      frequency   iteration   mesh size   DOF count     setup,s     solve,s  mesh err,s    refine,s     total,s   relative error absolute H error
-------------------------------------------------------------------------------------------------------------------------------------------------
          6e+09           1        2619      215860       31.92       62.95                               94.87                                  
          7e+09           1        2619      215860        5.45       60.14                               65.59                                  
          8e+09           1        2619      215860       5.609       61.44                               67.04                                  
          9e+09           1        2619      215860       5.525        60.9                               66.43                                  
          1e+10           1        2619      215860       5.656       62.32                               67.98                                  
        1.1e+10           1        2619      215860       5.561       62.71                               68.27                                  
        1.2e+10           1        2619      215860       5.602       60.96                               66.56                                  
        1.3e+10           1        2619      215860       5.638       61.52                               67.16                                  
        1.4e+10           1        2619      215860        5.66       60.49                               66.15                                  
        1.5e+10           1        2619      215860       5.666       61.07                               66.73                                  
        1.6e+10           1        2619      215860       5.681       61.27                               66.95                                  
        1.7e+10           1        2619      215860       5.532       62.46                                  68                                  
        1.8e+10           1        2619      215860       5.559       61.09                               66.65                                  
        1.9e+10           1        2619      215860       5.664       60.67                               66.33                                  
          2e+10           1        2619      215860       5.662       62.87                               68.53                                  
        2.1e+10           1        2619      215860       5.706       60.69                               66.39                                  
        2.2e+10           1        2619      215860       5.663       60.17                               65.83                                  
        2.3e+10           1        2619      215860       5.759       61.58                               67.34                                  
        2.4e+10           1        2619      215860       5.625        61.2                               66.83                                  
        2.5e+10           1        2619      215860       5.729       61.58                               67.31                                  
        2.6e+10           1        2619      215860       5.685       63.97                               69.66                                  
        2.7e+10           1        2619      215860       5.801       61.03                               66.83                                  
        2.8e+10           1        2619      215860       5.788       60.85                               66.63                                  
        2.9e+10           1        2619      215860        5.74       61.93                               67.67                                  
          3e+10           1        2619      215860       5.776       61.62                               67.39                                  
        3.1e+10           1        2619      215860       5.771       61.49                               67.26                                  
        3.2e+10           1        2619      215860       5.814       62.32                               68.14                                  
        3.3e+10           1        2619      215860       5.832       63.05                               68.88                                  
        3.4e+10           1        2619      215860       5.562       62.27                               67.84                                  
        3.5e+10           1        2619      215860       5.885       61.05                               66.93                                  
        3.6e+10           1        2619      215860       5.794        62.4                               68.19                                  
        3.7e+10           1        2619      215860       5.899       60.84                               66.73                                  
        3.8e+10           1        2619      215860       5.757       62.18                               67.94                                  
        3.9e+10           1        2619      215860       5.893       63.15                               69.05                                  
          4e+10           1        2619      215860        5.94       62.32                               68.26                                  
        4.1e+10           1        2619      215860       6.035       61.35                               67.38                                  
        4.2e+10           1        2619      215860       5.932       62.05                               67.98                                  
        4.3e+10           1        2619      215860       5.725       61.09                               66.82                                  
        4.4e+10           1        2619      215860       5.833        60.1                               65.93                                  
        4.5e+10           1        2619      215860       6.052       63.29                               69.34                                  
        4.6e+10           1        2619      215860       5.969       62.08                               68.05                                  
        4.7e+10           1        2619      215860       6.023       61.09                               67.11                                  
        4.8e+10           1        2619      215860       5.928       60.94                               66.87                                  
        4.9e+10           1        2619      215860       6.183       61.85                               68.03                                  
          5e+10           1        2619      215860       6.017       60.51                               66.53                                  
        5.1e+10           1        2619      215860       6.017       60.97                               66.98                                  
        5.2e+10           1        2619      215860       6.083       62.32                               68.41                                  
        5.3e+10           1        2619      215860         6.1          62                                68.1                                  
        5.4e+10           1        2619      215860       6.156       60.21                               66.37                                  
        5.5e+10           1        2619      215860       6.087       60.56                               66.65                                  
        5.6e+10           1        2619      215860       6.152       62.17                               68.32                                  
        5.7e+10           1        2619      215860       6.113       59.94                               66.05                                  
        5.8e+10           1        2619      215860       6.047          62                               68.05                                  
        5.9e+10           1        2619      215860       6.087       61.13                               67.21                                  
          6e+10           1        2619      215860       6.268        62.2                               68.46                                  
        6.1e+10           1        2619      215860        6.23       60.81                               67.04                                  
        6.2e+10           1        2619      215860       6.023       60.72                               66.74                                  
        6.3e+10           1        2619      215860       6.117       63.06                               69.18                                  
        6.4e+10           1        2619      215860        6.21       60.51                               66.72                                  
        6.5e+10           1        2619      215860        6.18       61.88                               68.06                                  
        6.6e+10           1        2619      215860       6.197       60.74                               66.94                                  
        6.7e+10           1        2619      215860       6.093       60.96                               67.06                                  
        6.8e+10           1        2619      215860       6.379       61.15                               67.53                                  
        6.9e+10           1        2619      215860       6.265       62.25                               68.51                                  
          7e+10           1        2619      215860       6.306       59.89                                66.2                                  
        7.1e+10           1        2619      215860       6.261        60.5                               66.76                                  
        7.2e+10           1        2619      215860       6.186       61.29                               67.47                                  
        7.3e+10           1        2619      215860       6.312       60.21                               66.53                                  
        7.4e+10           1        2619      215860       6.443       59.55                               65.99                                  
        7.5e+10           1        2619      215860       6.409       61.64                               68.05                                  
        7.6e+10           1        2619      215860       6.153        61.2                               67.35                                  
        7.7e+10           1        2619      215860       6.319       59.15                               65.47                                  
        7.8e+10           1        2619      215860       6.373       60.73                                67.1                                  
        7.9e+10           1        2619      215860       6.408       60.23                               66.64                                  
          8e+10           1        2619      215860       6.329       60.09                               66.42                                  
        8.1e+10           1        2619      215860       6.734       61.78                               68.51                                  
        8.2e+10           1        2619      215860       6.369       61.53                               67.89                                  
        8.3e+10           1        2619      215860       6.416       62.01                               68.43                                  
        8.4e+10           1        2619      215860       6.361       61.63                               67.99                                  
        8.5e+10           1        2619      215860       6.495       60.75                               67.25                                  
        8.6e+10           1        2619      215860       6.544       61.99                               68.53                                  
        8.7e+10           1        2619      215860       6.363       61.44                                67.8                                  
        8.8e+10           1        2619      215860       6.641       62.37                               69.01                                  
        8.9e+10           1        2619      215860       6.551       59.96                               66.51                                  
          9e+10           1        2619      215860       6.593       63.09                               69.69                                  
        9.1e+10           1        2619      215860       6.506       60.82                               67.33                                  
        9.2e+10           1        2619      215860       6.694       60.73                               67.42                                  
        9.3e+10           1        2619      215860       6.524       61.17                                67.7                                  
        9.4e+10           1        2619      215860       6.635       59.78                               66.41                                  
        9.5e+10           1        2619      215860       6.598       61.26                               67.86                                  
        9.6e+10           1        2619      215860       6.619       60.72                               67.33                                  
        9.7e+10           1        2619      215860       6.742       60.47                               67.22                                  
        9.8e+10           1        2619      215860       6.869       63.15                               70.02                                  
        9.9e+10           1        2619      215860       6.582       59.82                                66.4                                  
          1e+11           1        2619      215860       6.707       60.47                               67.17                                  
       1.01e+11           1        2619      215860       6.515        61.8                               68.31                                  
       1.02e+11           1        2619      215860       6.781       59.58                               66.36                                  
       1.03e+11           1        2619      215860       6.676        61.3                               67.98                                  
       1.04e+11           1        2619      215860       6.915        61.2                               68.12                                  
       1.05e+11           1        2619      215860       6.724        61.5                               68.22                                  
       1.06e+11           1        2619      215860       6.676       60.79                               67.47                                  
       1.07e+11           1        2619      215860       6.578       61.52                                68.1                                  
       1.08e+11           1        2619      215860       6.727       60.66                               67.39                                  
       1.09e+11           1        2619      215860       6.934       61.97                               68.91                                  
        1.1e+11           1        2619      215860       6.903        60.9                                67.8                                  
       1.11e+11           1        2619      215860       6.673       60.93                                67.6                                  
       1.12e+11           1        2619      215860       6.818       61.36                               68.18                                  
       1.13e+11           1        2619      215860       6.972       61.55                               68.52                                  
       1.14e+11           1        2619      215860       6.828        61.8                               68.63                                  
       1.15e+11           1        2619      215860       6.699       61.72                               68.42                                  
       1.16e+11           1        2619      215860       6.807       61.13                               67.94                                  
       1.17e+11           1        2619      215860        6.82       61.84                               68.66                                  
       1.18e+11           1        2619      215860       6.849       61.27                               68.11                                  
       1.19e+11           1        2619      215860       6.696       62.57                               69.27                                  
        1.2e+11           1        2619      215860       6.862       60.68                               67.54                                  
       1.21e+11           1        2619      215860       6.861       61.56                               68.42                                  
       1.22e+11           1        2619      215860       6.895       60.06                               66.95                                  
       1.23e+11           1        2619      215860       6.834       61.29                               68.13                                  
       1.24e+11           1        2619      215860        6.97       62.89                               69.86                                  
       1.25e+11           1        2619      215860       6.994       60.42                               67.41                                  
       1.26e+11           1        2619      215860       7.039       61.36                                68.4                                  
       1.27e+11           1        2619      215860       7.053       61.52                               68.57                                  
       1.28e+11           1        2619      215860       6.912       62.54                               69.45                                  
       1.29e+11           1        2619      215860        6.93       61.05                               67.98                                  
        1.3e+11           1        2619      215860       6.848       61.18                               68.03                                  
       1.31e+11           1        2619      215860       6.985       60.79                               67.77                                  
       1.32e+11           1        2619      215860       7.197       63.31                               70.51                                  
       1.33e+11           1        2619      215860       6.982       60.63                               67.61                                  
       1.34e+11           1        2619      215860       7.009       61.24                               68.25                                  
       1.35e+11           1        2619      215860       7.296       60.65                               67.94                                  
       1.36e+11           1        2619      215860       7.187       59.79                               66.98                                  
       1.37e+11           1        2619      215860       7.232       61.14                               68.38                                  
       1.38e+11           1        2619      215860       7.159       60.58                               67.74                                  
       1.39e+11           1        2619      215860       7.336       60.53                               67.86                                  
        1.4e+11           1        2619      215860       7.176       61.22                                68.4                                  
       1.41e+11           1        2619      215860        7.39       61.69                               69.08                                  
       1.42e+11           1        2619      215860        7.12       60.32                               67.44                                  
       1.43e+11           1        2619      215860        7.25       61.64                               68.89                                  
       1.44e+11           1        2619      215860       7.177       61.25                               68.43                                  
       1.45e+11           1        2619      215860       7.288       59.99                               67.28                                  
       1.46e+11           1        2619      215860       7.138       61.17                               68.31                                  
       1.47e+11           1        2619      215860        7.34       61.32                               68.66                                  
       1.48e+11           1        2619      215860        7.57       61.41                               68.98                                  
       1.49e+11           1        2619      215860       7.156       60.68                               67.84                                  
        1.5e+11           1        2619      215860       7.319       60.13                               67.45                                  
       1.51e+11           1        2619      215860       7.243       61.28                               68.52                                  
       1.52e+11           1        2619      215860       7.372       60.06                               67.43                                  
       1.53e+11           1        2619      215860       7.386       60.41                                67.8                                  
       1.54e+11           1        2619      215860       7.237       61.84                               69.07                                  
       1.55e+11           1        2619      215860       7.462       61.96                               69.42                                  
       1.56e+11           1        2619      215860       7.374       60.57                               67.94                                  
       1.57e+11           1        2619      215860       7.427       60.86                               68.29                                  
       1.58e+11           1        2619      215860       7.555       60.47                               68.02                                  
       1.59e+11           1        2619      215860       7.463       60.07                               67.54                                  
        1.6e+11           1        2619      215860       7.508       60.61                               68.11                                  
       1.61e+11           1        2619      215860       7.361       61.82                               69.18                                  
       1.62e+11           1        2619      215860       7.369        61.6                               68.97                                  
       1.63e+11           1        2619      215860       7.521       61.78                                69.3                                  
       1.64e+11           1        2619      215860       7.627       61.72                               69.35                                  
       1.65e+11           1        2619      215860       7.393        62.2                               69.59                                  
       1.66e+11           1        2619      215860       7.558       62.03                               69.59                                  
       1.67e+11           1        2619      215860       7.656       61.75                               69.41                                  
