-------------------------------------------------------------------------------------------------------------------------------------------------
      frequency   iteration   mesh size   DOF count     setup,s     solve,s  mesh err,s    refine,s     total,s   relative error absolute H error
-------------------------------------------------------------------------------------------------------------------------------------------------
          6e+09           1        2619      215860       37.74       62.43                               100.2                                  
          7e+09           1        2619      215860       5.417       61.47                               66.89                                  
          8e+09           1        2619      215860       5.527       62.19                               67.71                                  
          9e+09           1        2619      215860       5.531       60.94                               66.47                                  
          1e+10           1        2619      215860        5.59       62.13                               67.72                                  
        1.1e+10           1        2619      215860        5.58       61.38                               66.96                                  
        1.2e+10           1        2619      215860       5.511       61.02                               66.53                                  
        1.3e+10           1        2619      215860       5.472       61.86                               67.34                                  
        1.4e+10           1        2619      215860       5.644       65.28                               70.92                                  
        1.5e+10           1        2619      215860       5.743       60.22                               65.96                                  
        1.6e+10           1        2619      215860       5.505       61.63                               67.13                                  
        1.7e+10           1        2619      215860       5.562        61.5                               67.07                                  
        1.8e+10           1        2619      215860       5.634       61.45                               67.08                                  
        1.9e+10           1        2619      215860       5.688       63.21                                68.9                                  
          2e+10           1        2619      215860       5.689       62.99                               68.67                                  
        2.1e+10           1        2619      215860       5.638        60.9                               66.54                                  
        2.2e+10           1        2619      215860       5.686       61.21                                66.9                                  
        2.3e+10           1        2619      215860       5.663       60.77                               66.43                                  
        2.4e+10           1        2619      215860       5.747       61.79                               67.53                                  
        2.5e+10           1        2619      215860       5.712       62.31                               68.02                                  
        2.6e+10           1        2619      215860       5.761       61.32                               67.08                                  
        2.7e+10           1        2619      215860       5.786       60.96                               66.75                                  
        2.8e+10           1        2619      215860       5.758       59.41                               65.17                                  
        2.9e+10           1        2619      215860       5.685       61.16                               66.85                                  
          3e+10           1        2619      215860        5.78        60.5                               66.28                                  
        3.1e+10           1        2619      215860       5.766       61.43                                67.2                                  
        3.2e+10           1        2619      215860       5.852       60.67                               66.53                                  
        3.3e+10           1        2619      215860       5.771       61.65                               67.42                                  
        3.4e+10           1        2619      215860       5.668       62.87                               68.53                                  
        3.5e+10           1        2619      215860       5.835       61.43                               67.26                                  
        3.6e+10           1        2619      215860       5.828        60.9                               66.73                                  
        3.7e+10           1        2619      215860       5.823       62.69                               68.51                                  
        3.8e+10           1        2619      215860       5.861        61.7                               67.56                                  
        3.9e+10           1        2619      215860         5.9       63.04                               68.94                                  
          4e+10           1        2619      215860        5.88        61.5                               67.38                                  
        4.1e+10           1        2619      215860       5.859       65.53                               71.38                                  
        4.2e+10           1        2619      215860       5.979       63.67                               69.65                                  
        4.3e+10           1        2619      215860         5.9       62.97                               68.87                                  
        4.4e+10           1        2619      215860       6.017       61.54                               67.55                                  
        4.5e+10           1        2619      215860       5.833       63.21                               69.05                                  
        4.6e+10           1        2619      215860       5.907        62.3                                68.2                                  
        4.7e+10           1        2619      215860       6.006       62.18                               68.18                                  
        4.8e+10           1        2619      215860       5.999       60.69                               66.69                                  
        4.9e+10           1        2619      215860       5.895          62                                67.9                                  
          5e+10           1        2619      215860       5.985       61.38                               67.36                                  
        5.1e+10           1        2619      215860       5.953       61.97                               67.92                                  
        5.2e+10           1        2619      215860       6.079       62.69                               68.77                                  
        5.3e+10           1        2619      215860       6.103       60.67                               66.78                                  
        5.4e+10           1        2619      215860       6.018       61.09                                67.1                                  
        5.5e+10           1        2619      215860       6.141       62.61                               68.75                                  
        5.6e+10           1        2619      215860       6.195       62.79                               68.98                                  
        5.7e+10           1        2619      215860       6.129       63.13                               69.26                                  
        5.8e+10           1        2619      215860       6.131       62.51                               68.64                                  
        5.9e+10           1        2619      215860       6.242        62.2                               68.45                                  
          6e+10           1        2619      215860       6.166       61.47                               67.64                                  
        6.1e+10           1        2619      215860       6.135       62.36                               68.49                                  
        6.2e+10           1        2619      215860       6.264       63.93                                70.2                                  
        6.3e+10           1        2619      215860       6.269       61.82                               68.08                                  
        6.4e+10           1        2619      215860       6.023        62.3                               68.33                                  
        6.5e+10           1        2619      215860       6.076       63.05                               69.12                                  
        6.6e+10           1        2619      215860       6.257       62.42                               68.68                                  
        6.7e+10           1        2619      215860       6.268       60.65                               66.92                                  
        6.8e+10           1        2619      215860       6.145       60.22                               66.37                                  
        6.9e+10           1        2619      215860       6.214       60.73                               66.94                                  
          7e+10           1        2619      215860       6.281        61.1                               67.38                                  
        7.1e+10           1        2619      215860        6.33       60.24                               66.57                                  
        7.2e+10           1        2619      215860       6.301       60.36                               66.66                                  
        7.3e+10           1        2619      215860       6.219       60.74                               66.96                                  
        7.4e+10           1        2619      215860       6.268       62.04                               68.31                                  
        7.5e+10           1        2619      215860       6.428       62.98                               69.41                                  
        7.6e+10           1        2619      215860       6.464       62.07                               68.54                                  
        7.7e+10           1        2619      215860       6.371       61.08                               67.45                                  
        7.8e+10           1        2619      215860        6.39       63.17                               69.56                                  
        7.9e+10           1        2619      215860        6.48       62.01                               68.49                                  
          8e+10           1        2619      215860       6.316       61.81                               68.12                                  
        8.1e+10           1        2619      215860       6.348       61.75                                68.1                                  
        8.2e+10           1        2619      215860       6.507       60.97                               67.48                                  
        8.3e+10           1        2619      215860       6.299        61.1                                67.4                                  
        8.4e+10           1        2619      215860       6.621       60.44                               67.06                                  
        8.5e+10           1        2619      215860       6.621       61.03                               67.65                                  
        8.6e+10           1        2619      215860       6.475       61.74                               68.22                                  
        8.7e+10           1        2619      215860       6.588       60.01                                66.6                                  
        8.8e+10           1        2619      215860       6.534       60.84                               67.38                                  
        8.9e+10           1        2619      215860        6.53       61.85                               68.38                                  
          9e+10           1        2619      215860       6.554       63.38                               69.94                                  
        9.1e+10           1        2619      215860       6.558       61.89                               68.45                                  
        9.2e+10           1        2619      215860        6.69       63.54                               70.23                                  
        9.3e+10           1        2619      215860       6.673       61.08                               67.75                                  
        9.4e+10           1        2619      215860       6.602       62.57                               69.17                                  
        9.5e+10           1        2619      215860       6.605       63.51                               70.12                                  
        9.6e+10           1        2619      215860       6.606        59.7                               66.31                                  
        9.7e+10           1        2619      215860       6.773       61.18                               67.95                                  
        9.8e+10           1        2619      215860       6.653       62.19                               68.84                                  
        9.9e+10           1        2619      215860       6.751       61.87                               68.62                                  
          1e+11           1        2619      215860       6.558       64.41                               70.97                                  
       1.01e+11           1        2619      215860       6.704       64.33                               71.03                                  
       1.02e+11           1        2619      215860       6.823       62.58                                69.4                                  
       1.03e+11           1        2619      215860       6.703       61.19                                67.9                                  
       1.04e+11           1        2619      215860       6.577       62.35                               68.93                                  
       1.05e+11           1        2619      215860       6.576       62.55                               69.13                                  
       1.06e+11           1        2619      215860       6.771       62.04                               68.82                                  
       1.07e+11           1        2619      215860       6.811       61.53                               68.35                                  
       1.08e+11           1        2619      215860       6.845       63.73                               70.58                                  
       1.09e+11           1        2619      215860       6.963        63.6                               70.56                                  
        1.1e+11           1        2619      215860       6.748       61.16                               67.91                                  
       1.11e+11           1        2619      215860       6.815       60.26                               67.08                                  
       1.12e+11           1        2619      215860       6.931       60.73                               67.66                                  
       1.13e+11           1        2619      215860       6.709       60.19                                66.9                                  
       1.14e+11           1        2619      215860       6.773       60.73                                67.5                                  
       1.15e+11           1        2619      215860       6.833       60.16                                  67                                  
       1.16e+11           1        2619      215860       6.799       61.28                               68.08                                  
       1.17e+11           1        2619      215860       7.059       63.22                               70.28                                  
       1.18e+11           1        2619      215860       7.032       62.38                               69.41                                  
       1.19e+11           1        2619      215860       6.808       61.83                               68.63                                  
        1.2e+11           1        2619      215860       6.933       60.55                               67.48                                  
       1.21e+11           1        2619      215860       6.947       60.73                               67.68                                  
       1.22e+11           1        2619      215860       7.044        61.9                               68.95                                  
       1.23e+11           1        2619      215860       6.869       62.36                               69.23                                  
       1.24e+11           1        2619      215860       6.941       63.72                               70.66                                  
       1.25e+11           1        2619      215860       7.026       61.94                               68.97                                  
       1.26e+11           1        2619      215860       7.095       63.16                               70.26                                  
       1.27e+11           1        2619      215860       7.039       61.35                               68.39                                  
       1.28e+11           1        2619      215860       6.881       62.63                               69.51                                  
       1.29e+11           1        2619      215860       6.923       62.89                               69.81                                  
        1.3e+11           1        2619      215860       7.078       61.34                               68.42                                  
       1.31e+11           1        2619      215860       7.231       61.85                               69.08                                  
       1.32e+11           1        2619      215860       7.187       62.19                               69.37                                  
       1.33e+11           1        2619      215860       7.325       62.22                               69.55                                  
       1.34e+11           1        2619      215860       7.014       60.98                               67.99                                  
       1.35e+11           1        2619      215860       7.287       62.97                               70.26                                  
       1.36e+11           1        2619      215860       7.074       62.67                               69.74                                  
       1.37e+11           1        2619      215860       7.115       63.56                               70.68                                  
       1.38e+11           1        2619      215860       7.309       60.64                               67.95                                  
       1.39e+11           1        2619      215860       7.072        61.7                               68.77                                  
        1.4e+11           1        2619      215860       7.287       60.38                               67.67                                  
       1.41e+11           1        2619      215860       7.347       63.58                               70.93                                  
       1.42e+11           1        2619      215860       7.416       61.85                               69.27                                  
       1.43e+11           1        2619      215860       7.346       62.39                               69.74                                  
       1.44e+11           1        2619      215860       7.516       61.07                               68.59                                  
       1.45e+11           1        2619      215860       7.383       63.31                               70.69                                  
       1.46e+11           1        2619      215860       7.353       60.58                               67.93                                  
       1.47e+11           1        2619      215860       7.244       61.48                               68.72                                  
       1.48e+11           1        2619      215860       7.113       60.99                                68.1                                  
       1.49e+11           1        2619      215860        7.24       60.76                                  68                                  
        1.5e+11           1        2619      215860       7.411        62.3                               69.72                                  
       1.51e+11           1        2619      215860        7.47       61.58                               69.05                                  
       1.52e+11           1        2619      215860       7.448       63.88                               71.33                                  
       1.53e+11           1        2619      215860       7.389       60.33                               67.72                                  
       1.54e+11           1        2619      215860       7.358       62.46                               69.82                                  
       1.55e+11           1        2619      215860       7.387       61.41                                68.8                                  
       1.56e+11           1        2619      215860       7.483       61.48                               68.97                                  
       1.57e+11           1        2619      215860       7.386          61                               68.39                                  
       1.58e+11           1        2619      215860       7.339       61.85                               69.19                                  
       1.59e+11           1        2619      215860       7.619       61.95                               69.57                                  
        1.6e+11           1        2619      215860       7.399       61.19                               68.58                                  
       1.61e+11           1        2619      215860       7.402       61.85                               69.25                                  
       1.62e+11           1        2619      215860       7.511       61.51                               69.02                                  
       1.63e+11           1        2619      215860       7.564       61.47                               69.03                                  
       1.64e+11           1        2619      215860       7.556       60.64                               68.19                                  
       1.65e+11           1        2619      215860       7.646       61.56                                69.2                                  
       1.66e+11           1        2619      215860       7.581       60.94                               68.52                                  
       1.67e+11           1        2619      215860        7.48       60.72                                68.2                                  
