-------------------------------------------------------------------------------------------------------------------------------------------------
      frequency   iteration   mesh size   DOF count     setup,s     solve,s  mesh err,s    refine,s     total,s   relative error absolute H error
-------------------------------------------------------------------------------------------------------------------------------------------------
          6e+09           1        2619      215860       34.03       62.47                                96.5                                  
          7e+09           1        2619      215860       5.545       64.13                               69.68                                  
          8e+09           1        2619      215860       5.447       61.49                               66.94                                  
          9e+09           1        2619      215860       5.569       62.04                               67.61                                  
          1e+10           1        2619      215860       5.544       61.43                               66.97                                  
        1.1e+10           1        2619      215860       5.559       60.24                                65.8                                  
        1.2e+10           1        2619      215860       5.516       61.45                               66.96                                  
        1.3e+10           1        2619      215860       5.687       61.87                               67.56                                  
        1.4e+10           1        2619      215860       5.593       62.48                               68.08                                  
        1.5e+10           1        2619      215860       5.618       61.97                               67.59                                  
        1.6e+10           1        2619      215860       5.664       60.81                               66.47                                  
        1.7e+10           1        2619      215860       5.651       62.19                               67.84                                  
        1.8e+10           1        2619      215860       5.634       62.27                                67.9                                  
        1.9e+10           1        2619      215860       5.606       60.29                               65.89                                  
          2e+10           1        2619      215860       5.373       62.82                                68.2                                  
        2.1e+10           1        2619      215860       5.693       63.01                                68.7                                  
        2.2e+10           1        2619      215860       5.637       63.91                               69.55                                  
        2.3e+10           1        2619      215860       5.726       62.34                               68.07                                  
        2.4e+10           1        2619      215860       5.678       60.34                               66.02                                  
        2.5e+10           1        2619      215860       5.546       62.89                               68.44                                  
        2.6e+10           1        2619      215860       5.828       61.89                               67.72                                  
        2.7e+10           1        2619      215860       5.732       63.09                               68.83                                  
        2.8e+10           1        2619      215860       5.652       61.83                               67.48                                  
        2.9e+10           1        2619      215860       5.875       61.27                               67.14                                  
          3e+10           1        2619      215860       5.758       63.26                               69.02                                  
        3.1e+10           1        2619      215860       5.839       63.47                               69.31                                  
        3.2e+10           1        2619      215860       5.854       64.33                               70.18                                  
        3.3e+10           1        2619      215860       5.714       61.76                               67.47                                  
        3.4e+10           1        2619      215860       5.692       60.89                               66.58                                  
        3.5e+10           1        2619      215860       5.793       60.96                               66.76                                  
        3.6e+10           1        2619      215860       5.817        61.1                               66.91                                  
        3.7e+10           1        2619      215860       5.733       61.12                               66.86                                  
        3.8e+10           1        2619      215860       5.747       62.48                               68.23                                  
        3.9e+10           1        2619      215860       5.941       61.78                               67.72                                  
          4e+10           1        2619      215860       5.954       61.75                                67.7                                  
        4.1e+10           1        2619      215860       5.867       62.17                               68.04                                  
        4.2e+10           1        2619      215860        5.86       62.16                               68.02                                  
        4.3e+10           1        2619      215860       5.818       62.82                               68.64                                  
        4.4e+10           1        2619      215860       5.925       61.52                               67.45                                  
        4.5e+10           1        2619      215860       5.962       61.02                               66.98                                  
        4.6e+10           1        2619      215860       5.871       62.29                               68.17                                  
        4.7e+10           1        2619      215860        5.97       63.23                                69.2                                  
        4.8e+10           1        2619      215860       5.734       61.58                               67.32                                  
        4.9e+10           1        2619      215860       5.842       61.82                               67.66                                  
          5e+10           1        2619      215860        6.07       60.08                               66.15                                  
        5.1e+10           1        2619      215860       6.098       61.74                               67.84                                  
        5.2e+10           1        2619      215860       5.935       60.54                               66.47                                  
        5.3e+10           1        2619      215860       5.928       61.47                               67.39                                  
        5.4e+10           1        2619      215860       6.052       61.49                               67.55                                  
        5.5e+10           1        2619      215860       6.235       61.26                               67.49                                  
        5.6e+10           1        2619      215860       6.113       60.63                               66.74                                  
        5.7e+10           1        2619      215860       6.134       61.25                               67.38                                  
        5.8e+10           1        2619      215860       6.072       61.34                               67.42                                  
        5.9e+10           1        2619      215860       6.046       61.12                               67.17                                  
          6e+10           1        2619      215860       6.125       62.99                               69.11                                  
        6.1e+10           1        2619      215860       6.039       61.32                               67.36                                  
        6.2e+10           1        2619      215860       6.148       61.18                               67.32                                  
        6.3e+10           1        2619      215860       6.175       63.37                               69.55                                  
        6.4e+10           1        2619      215860       5.988       59.98                               65.97                                  
        6.5e+10           1        2619      215860       6.179       61.46                               67.64                                  
        6.6e+10           1        2619      215860       6.146       60.32                               66.46                                  
        6.7e+10           1        2619      215860       6.196        61.9                                68.1                                  
        6.8e+10           1        2619      215860        6.21       60.98                               67.19                                  
        6.9e+10           1        2619      215860       6.298       60.23                               66.53                                  
          7e+10           1        2619      215860       6.218       60.45                               66.67                                  
        7.1e+10           1        2619      215860       6.302       60.63                               66.93                                  
        7.2e+10           1        2619      215860       6.275       60.59                               66.86                                  
        7.3e+10           1        2619      215860        6.23       60.75                               66.98                                  
        7.4e+10           1        2619      215860       6.254       63.31                               69.57                                  
        7.5e+10           1        2619      215860       6.239       61.14                               67.38                                  
        7.6e+10           1        2619      215860       6.327       61.08                               67.41                                  
        7.7e+10           1        2619      215860       6.392       61.84                               68.23                                  
        7.8e+10           1        2619      215860        6.23       60.49                               66.72                                  
        7.9e+10           1        2619      215860       6.386        60.3                               66.69                                  
          8e+10           1        2619      215860       6.388       61.21                                67.6                                  
        8.1e+10           1        2619      215860       6.326       61.07                                67.4                                  
        8.2e+10           1        2619      215860       6.421       62.91                               69.33                                  
        8.3e+10           1        2619      215860       6.593        61.2                               67.79                                  
        8.4e+10           1        2619      215860       6.659       59.98                               66.64                                  
        8.5e+10           1        2619      215860        6.75       62.32                               69.07                                  
        8.6e+10           1        2619      215860       6.471       60.71                               67.18                                  
        8.7e+10           1        2619      215860       6.676       61.24                               67.92                                  
        8.8e+10           1        2619      215860       6.525       62.38                                68.9                                  
        8.9e+10           1        2619      215860       6.634        60.6                               67.24                                  
          9e+10           1        2619      215860       6.552       62.46                               69.02                                  
        9.1e+10           1        2619      215860       6.622       62.48                                69.1                                  
        9.2e+10           1        2619      215860       6.478       62.08                               68.56                                  
        9.3e+10           1        2619      215860       6.558       62.06                               68.62                                  
        9.4e+10           1        2619      215860       6.643        61.4                               68.04                                  
        9.5e+10           1        2619      215860       6.773       60.69                               67.46                                  
        9.6e+10           1        2619      215860       6.629       62.53                               69.16                                  
        9.7e+10           1        2619      215860       6.563       62.13                               68.69                                  
        9.8e+10           1        2619      215860       6.546        59.7                               66.25                                  
        9.9e+10           1        2619      215860       6.646       60.84                               67.49                                  
          1e+11           1        2619      215860       6.679       61.96                               68.64                                  
       1.01e+11           1        2619      215860       6.607        60.2                               66.81                                  
       1.02e+11           1        2619      215860        6.69       61.41                                68.1                                  
       1.03e+11           1        2619      215860       6.774       61.49                               68.27                                  
       1.04e+11           1        2619      215860       6.724       61.08                                67.8                                  
       1.05e+11           1        2619      215860       6.796       63.29                               70.09                                  
       1.06e+11           1        2619      215860       6.698       62.44                               69.14                                  
       1.07e+11           1        2619      215860       6.699       63.03                               69.73                                  
       1.08e+11           1        2619      215860       6.838       61.54                               68.38                                  
       1.09e+11           1        2619      215860       6.985       62.49                               69.48                                  
        1.1e+11           1        2619      215860       6.754       62.08                               68.83                                  
       1.11e+11           1        2619      215860       6.703       60.48                               67.18                                  
       1.12e+11           1        2619      215860       6.831       62.52                               69.35                                  
       1.13e+11           1        2619      215860       6.769       61.18                               67.95                                  
       1.14e+11           1        2619      215860       6.831       61.25                               68.08                                  
       1.15e+11           1        2619      215860       6.963       62.13                               69.09                                  
       1.16e+11           1        2619      215860       6.814       60.52                               67.33                                  
       1.17e+11           1        2619      215860       6.887        60.1                               66.99                                  
       1.18e+11           1        2619      215860        6.82       61.95                               68.77                                  
       1.19e+11           1        2619      215860       7.005       60.95                               67.96                                  
        1.2e+11           1        2619      215860       6.842       60.75                               67.59                                  
       1.21e+11           1        2619      215860       6.872          62                               68.87                                  
       1.22e+11           1        2619      215860       6.904       62.03                               68.94                                  
       1.23e+11           1        2619      215860        6.97       61.74                               68.71                                  
       1.24e+11           1        2619      215860       7.084        60.7                               67.79                                  
       1.25e+11           1        2619      215860       6.893       59.76                               66.66                                  
       1.26e+11           1        2619      215860       6.993       61.61                               68.61                                  
       1.27e+11           1        2619      215860       6.888       61.29                               68.18                                  
       1.28e+11           1        2619      215860       7.248       61.17                               68.41                                  
       1.29e+11           1        2619      215860        7.03       59.46                               66.49                                  
        1.3e+11           1        2619      215860       7.039       62.87                                69.9                                  
       1.31e+11           1        2619      215860       7.016       61.39                               68.41                                  
       1.32e+11           1        2619      215860       6.721          60                               66.72                                  
       1.33e+11           1        2619      215860       7.017       62.11                               69.13                                  
       1.34e+11           1        2619      215860       7.075        61.4                               68.48                                  
       1.35e+11           1        2619      215860           7       61.34                               68.34                                  
       1.36e+11           1        2619      215860       7.058       62.35                               69.41                                  
       1.37e+11           1        2619      215860       7.164       61.44                               68.61                                  
       1.38e+11           1        2619      215860       7.195       60.35                               67.55                                  
       1.39e+11           1        2619      215860       7.087       60.89                               67.98                                  
        1.4e+11           1        2619      215860       7.016       60.42                               67.44                                  
       1.41e+11           1        2619      215860       7.391       62.38                               69.77                                  
       1.42e+11           1        2619      215860       7.479       60.46                               67.94                                  
       1.43e+11           1        2619      215860       7.076       61.75                               68.83                                  
       1.44e+11           1        2619      215860       7.078       61.61                               68.68                                  
       1.45e+11           1        2619      215860       7.299       61.38                               68.68                                  
       1.46e+11           1        2619      215860       7.161       63.49                               70.65                                  
       1.47e+11           1        2619      215860        7.22       62.31                               69.53                                  
       1.48e+11           1        2619      215860       7.227       61.54                               68.77                                  
       1.49e+11           1        2619      215860       7.296       63.54                               70.84                                  
        1.5e+11           1        2619      215860        7.38       60.47                               67.85                                  
       1.51e+11           1        2619      215860       7.399       60.67                               68.07                                  
       1.52e+11           1        2619      215860       7.419       60.72                               68.14                                  
       1.53e+11           1        2619      215860       7.316       61.34                               68.66                                  
       1.54e+11           1        2619      215860       7.058       62.15                               69.21                                  
       1.55e+11           1        2619      215860       7.333       60.73                               68.06                                  
       1.56e+11           1        2619      215860       7.562       62.04                                69.6                                  
       1.57e+11           1        2619      215860        7.44       61.52                               68.96                                  
       1.58e+11           1        2619      215860       7.339       61.08                               68.42                                  
       1.59e+11           1        2619      215860       7.491       61.81                                69.3                                  
        1.6e+11           1        2619      215860       7.276       62.08                               69.36                                  
       1.61e+11           1        2619      215860       7.506       63.99                               71.49                                  
       1.62e+11           1        2619      215860       7.407       60.81                               68.22                                  
       1.63e+11           1        2619      215860       7.429       61.04                               68.47                                  
       1.64e+11           1        2619      215860       7.579        60.8                               68.37                                  
       1.65e+11           1        2619      215860       7.606       63.05                               70.66                                  
       1.66e+11           1        2619      215860       7.373        62.3                               69.67                                  
       1.67e+11           1        2619      215860        7.25       60.69                               67.94                                  
