-------------------------------------------------------------------------------------------------------------------------------------------------
      frequency   iteration   mesh size   DOF count     setup,s     solve,s  mesh err,s    refine,s     total,s   relative error absolute H error
-------------------------------------------------------------------------------------------------------------------------------------------------
        3.5e+10           1         776       17031       21.02       2.005       1.219   0.0004147       24.25                         2.064e-07
                          2        1479       30285       2.575        4.46       3.665   0.0008241        10.7         0.004669        1.974e-07
                          3        1741       35583       2.757       5.276       5.113    0.001336       13.15          0.01382        1.592e-07
                          4        2801       55761       2.779       9.813       12.84    0.001771       25.43         0.005993        7.844e-08
                          5        3938       77670       3.059       14.77       20.55    0.002926       38.38         0.006087        6.741e-08
                          6        5409      105780        3.02       25.13       38.99    0.003893       67.15         0.004383        4.778e-08
                          7        7076      137649       3.386       33.99        53.4    0.005514       90.79         0.004346        3.869e-08
                          8        9299      180171       3.672       49.31       76.64    0.007477       129.6          0.00198        3.039e-08
                          9       11848      228759       3.714       68.53       111.8   0.0002693         184        0.0009535        1.666e-08
        2.6e+10           1       11848      228759       3.537       68.76                               72.29                                  
        2.7e+10           1       11848      228759       3.702       68.33                               72.03                                  
        2.8e+10           1       11848      228759       3.717       69.37                               73.08                                  
        2.9e+10           1       11848      228759       3.756       68.19                               71.95                                  
          3e+10           1       11848      228759       3.755          68                               71.75                                  
        3.1e+10           1       11848      228759       3.814       67.75                               71.56                                  
        3.2e+10           1       11848      228759       3.755       67.91                               71.66                                  
        3.3e+10           1       11848      228759       3.804        69.5                                73.3                                  
        3.4e+10           1       11848      228759       3.782       68.82                                72.6                                  
        3.6e+10           1       11848      228759       3.819       67.44                               71.26                                  
        3.7e+10           1       11848      228759       3.782       67.59                               71.37                                  
        3.8e+10           1       11848      228759       3.797       69.54                               73.34                                  
        3.9e+10           1       11848      228759       3.874        68.2                               72.07                                  
          4e+10           1       11848      228759        3.89       68.93                               72.82                                  
