-------------------------------------------------------------------------------------------------------------------------------------------------
      frequency   iteration   mesh size   DOF count     setup,s     solve,s  mesh err,s    refine,s     total,s   relative error absolute E error
-------------------------------------------------------------------------------------------------------------------------------------------------
          1e+10           1         348        7932      0.9134      0.5188      0.1816    0.000303       1.614                         0.0004798
                          2         521       11247      0.4946      0.8688      0.4574    0.000733       1.822         0.004419        0.0004855
                          3         711       14958      0.5293       1.029      0.7847   0.0009323       2.344         0.004179        0.0004736
                          4         871       18093       0.488       1.289      0.7504   0.0007563       2.528        0.0001143        0.0002748
                          5         976       20154      0.5014       1.418      0.7356   0.0006904       2.656         0.000158        0.0002225
                          6        1123       23016       0.492       1.741      0.7348   0.0006932       2.968        0.0004213        0.0001339
                          7        1275       26043       0.482       1.835      0.7466    0.000738       3.064        0.0001445        9.012e-05
                          8        1498       30459      0.5049       1.821      0.7393    0.001169       3.066        0.0003762        6.594e-05
                          9        2514       49866      0.4963       3.666       2.178    0.005012       6.345        0.0008287        5.116e-05
                         10        2961       58704       0.504       4.414       2.384     0.00148       7.303        6.128e-06        3.191e-05
                         11        3880       76281      0.5125       5.978       3.549    0.001726       10.04         0.001752        2.479e-05
                         12        4779       94017      0.6344       7.591       4.296    0.002036       12.52        0.0004005        1.421e-05
                         13        6083      118944      0.5931       11.37       5.791    0.002576       17.76        0.0004948        9.286e-06
                         14        7609      148371      0.6146       13.43       8.788     0.00269       22.84        0.0001487        6.201e-06
                         15        9705      188577      0.6264       16.64       9.114    0.003904       26.39        8.173e-05        4.672e-06
                         16       12420      240399      0.6555       24.69        13.6    0.005157       38.96        0.0006538        2.598e-06
                         17       15998      308805      0.6858       33.91       18.45    0.005632       53.05        0.0001223        1.538e-06
                         18       19566      376833      0.6639       40.78       23.08   0.0004281       64.53         0.000184        9.916e-07
