-------------------------------------------------------------------------------------------------------------------------------------------------
      frequency   iteration   mesh size   DOF count     setup,s     solve,s  mesh err,s    refine,s     total,s relative S error absolute H error
-------------------------------------------------------------------------------------------------------------------------------------------------
        3.5e+10           1         776       17031       22.94       1.898       1.214   0.0004126       26.05                         2.064e-07
                          2        1479       30285       2.624       4.109       3.654    0.000765       10.39         0.004669        1.974e-07
                          3        1741       35583       2.815        4.85       5.015     0.00132       12.68          0.01382        1.592e-07
                          4        2801       55761       2.718       9.081       12.87    0.001766       24.67         0.005993        7.844e-08
                          5        3938       77670       3.105       13.96       20.51    0.002867       37.58         0.006087        6.741e-08
                          6        5409      105780       3.117       23.15       39.77     0.00385       66.04         0.004383        4.778e-08
                          7        7076      137649       3.401       32.39        53.3    0.005508       89.09         0.004346        3.869e-08
                          8        9299      180171       3.733       45.48       76.81     0.00804         126          0.00198        3.039e-08
                          9       11848      228759       3.729       65.06       112.1   0.0002901       180.9        0.0009535        1.666e-08
        2.6e+10           1       11848      228759       3.692       64.57                               68.26                                  
