-------------------------------------------------------------------------------------------------------------------------------------------------
      frequency   iteration   mesh size   DOF count     setup,s     solve,s  mesh err,s    refine,s     total,s relative S error absolute H error
-------------------------------------------------------------------------------------------------------------------------------------------------
        3.5e+10           1         776       17031       24.82       1.909       1.204   0.0004448       27.94                         2.064e-07
                          2        1479       30285        2.56       4.352        3.67   0.0008125       10.58         0.004669        1.974e-07
                          3        1741       35583       2.736       4.926       5.013    0.001313       12.68          0.01382        1.592e-07
                          4        2801       55761        2.81       9.307       12.72    0.001739       24.84         0.005993        7.844e-08
                          5        3938       77670       2.956       14.66       20.55    0.002923       38.17         0.006087        6.741e-08
                          6        5409      105780       3.164       23.44       39.25    0.003849       65.86         0.004383        4.778e-08
                          7        7076      137649       3.455       31.93       53.87    0.005484       89.25         0.004346        3.869e-08
                          8        9299      180171       3.746       46.45       76.43    0.007507       126.6          0.00198        3.039e-08
                          9       11848      228759        3.78       63.22         114      0.0119         181        0.0009535        1.666e-08
                         10       15972      306852        4.05       92.92         171     0.01723       267.9         0.001606        1.133e-08
                         11       21135      405126       4.349       126.4       243.5   0.0002911       374.2        0.0005594         9.54e-09
        2.6e+10           1       21135      405126       4.231       126.8                                 131                                  
