-------------------------------------------------------------------------------------------------------------------------------------------------
      frequency   iteration   mesh size   DOF count     setup,s     solve,s  mesh err,s    refine,s     total,s relative S error absolute H error
-------------------------------------------------------------------------------------------------------------------------------------------------
          9e+09           1         165        8004      0.7391      0.7582      0.2627   0.0001701        1.76                         6.582e-07
                          2         213        9996      0.5555       1.038      0.5639   0.0003891       2.157        2.344e-06        1.349e-07
                          3         281       12840      0.5344       1.317       1.114   0.0001864       2.965        8.497e-07         1.17e-07
          1e+10           1         281       12840      0.5441       1.431       1.199   0.0002007       3.174                         7.662e-08
                          2         360       16256      0.5428       1.677       1.172   0.0004052       3.392        4.694e-05        7.309e-08
                          3         434       19468      0.5553        1.75       1.185   0.0004548       3.491        2.992e-05        4.769e-08
                          4         566       25028      0.5668       2.084       1.229   0.0003949        3.88        2.225e-06        4.112e-08
                          5         672       29576      0.5573       2.383       1.598   0.0004331       4.539        2.387e-06         1.91e-08
                          6         765       33700      0.5466       2.919       1.707    0.000231       5.173        3.059e-07        1.754e-08
        1.1e+10           1         765       33700      0.5786       2.814       1.732   0.0002529       5.125                         2.089e-07
                          2         855       37652      0.5614       3.124       2.047   0.0005448       5.732         2.18e-05        1.314e-07
                          3        1016       44568      0.5676       3.701       2.468   0.0005677       6.737        2.721e-05        9.816e-08
                          4        1179       51576      0.5797       4.573       3.571   0.0002082       8.724        3.783e-07        3.964e-08
          9e+09           4        1179       51576      0.5761       4.446                               5.022                                  
          1e+10           7        1179       51576      0.5676       4.676                               5.243                                  
