-------------------------------------------------------------------------------------------------------------------------------------------------
      frequency   iteration   mesh size   DOF count     setup,s     solve,s  mesh err,s    refine,s     total,s relative S error absolute H error
-------------------------------------------------------------------------------------------------------------------------------------------------
          9e+09           1         165        8004      0.7329      0.7556      0.2625   0.0001631       1.751                         6.582e-07
                          2         213        9996      0.5549       1.038      0.4735   0.0004069       2.067        2.344e-06        1.349e-07
                          3         281       12840      0.5442       1.308       1.116   0.0003893       2.969        8.497e-07         1.17e-07
                          4         314       14256      0.5425       1.611       1.589   0.0004091       3.743        1.046e-07        1.163e-07
                          5         380       17036      0.5482       2.136       1.663   0.0003895       4.348        2.679e-07        1.163e-07
                          6         446       19816      0.5605       1.899       1.668   0.0004487       4.128        2.688e-07        1.116e-07
                          7         650       28452      0.5436       2.326        1.75   0.0001992        4.62        1.114e-05        8.521e-08
          1e+10           1         650       28452      0.5516       2.277       1.756   2.283e-06       4.585                         1.882e-08
        1.1e+10           1         650       28452      0.5826       2.455       1.768    0.000294       4.806                         3.523e-07
                          2         759       33264      0.5647       2.828       2.073   0.0004292       5.466        6.971e-06        2.102e-07
                          3         842       36980      0.5654       2.975       2.093   0.0005188       5.634        1.636e-06        1.292e-07
                          4        1041       45584      0.5723       3.771       2.907   0.0001731        7.25          5.2e-06        7.335e-08
          9e+09           8        1041       45584      0.5653       3.767                               4.332                                  
          1e+10           2        1041       45584      0.5764       3.767                               4.344                                  
