-------------------------------------------------------------------------------------------------------------------------------------------------
      frequency   iteration   mesh size   DOF count     setup,s     solve,s  mesh err,s    refine,s     total,s relative S error absolute H error
-------------------------------------------------------------------------------------------------------------------------------------------------
          5e+10           1        4469       33414       84.86       3.758      0.7318    0.001119       89.35                         9.173e-08
                          2        6162       44368       3.116       5.714       1.355    0.001883       10.19         0.002729        7.207e-08
                          3        7685       54334       3.236       7.111       1.912    0.002524       12.26         0.003423        5.136e-08
                          4        9564       66480       3.372       9.039       2.284    0.002909        14.7         0.001754        3.924e-08
                          5       11837       81312       3.395       11.56       3.742    0.004066        18.7         0.002896        2.745e-08
                          6       14778      100740       3.374       15.57       6.396    0.005225       25.34          0.00179        2.202e-08
                          7       18744      126656       3.501       21.29       8.014    0.006073       32.81         0.001464        1.653e-08
                          8       22809      153148       3.608       27.84       10.74    0.008038        42.2         0.001021         1.29e-08
                          9       29110      194520       4.379       36.22       15.37   0.0002199       55.97         0.000614        1.151e-08
