-------------------------------------------------------------------------------------------------------------------------------------------------
      frequency   iteration   mesh size   DOF count     setup,s     solve,s  mesh err,s    refine,s     total,s relative S error absolute H error
-------------------------------------------------------------------------------------------------------------------------------------------------
        8.3e+09           1         252        5529       2.816      0.6121      0.2436     0.00024       3.672                         7.068e-07
                          2         351        7449        1.96       1.186      0.6569   0.0004547       3.804         0.000255         7.08e-07
                          3         439        9156       1.981       1.389      0.6517   0.0004025       4.022        0.0002414        7.009e-07
                          4         639       13086       1.984       1.511      0.7541   0.0004602        4.25          0.00218        6.669e-07
                          5         856       17361       1.936       2.056      0.8604   0.0004746       4.853         0.005278         5.69e-07
                          6        1044       21099       2.037       2.244       1.111   0.0005076       5.392         0.002619        4.556e-07
                          7        1232       24675       1.997       2.801       1.158   0.0004891       5.957        0.0002272        3.542e-07
                          8        1371       27651       2.017       3.284         1.1   0.0005992       6.401        0.0002151        3.484e-07
                          9        1570       31599       2.068       3.841       1.512   0.0005993       7.423        0.0001084         1.75e-07
                         10        1847       36897       2.074       4.377       1.744    0.000708       8.194        1.867e-05        1.338e-07
                         11        2349       46794       2.308       5.914       2.606    0.001101       10.83         0.001025         1.56e-07
                         12        3778       74022       2.281       9.537       4.668    0.001202       16.49          2.4e-05        1.397e-07
                         13        4964       96783       2.417        13.2       7.148    0.001386       22.77        0.0004194        1.308e-07
                         14        5912      114819       2.372       16.08       8.444   0.0002632       26.89        1.276e-05        9.776e-08
