-------------------------------------------------------------------------------------------------------------------------------------------------
      frequency   iteration   mesh size   DOF count     setup,s     solve,s  mesh err,s    refine,s     total,s relative S error absolute H error
-------------------------------------------------------------------------------------------------------------------------------------------------
        8.3e+09           1         252        5529       2.907      0.6091      0.2583   0.0002351       3.774                         7.068e-07
                          2         351        7449        2.02       1.196      0.6529    0.006528       3.875         0.000255         7.08e-07
                          3         439        9156       1.962        1.38      0.7223   0.0004066       4.065        0.0002414        7.009e-07
                          4         639       13086       1.928       1.433      0.7299   0.0004654       4.092          0.00218        6.669e-07
                          5         856       17361       2.011       1.973      0.8511   0.0004728       4.836         0.005278         5.69e-07
                          6        1044       21099           2       2.303        1.09   0.0005149       5.393         0.002619        4.556e-07
                          7        1232       24675       2.003       2.746        1.12   0.0004934       5.869        0.0002272        3.542e-07
                          8        1371       27651       2.053       3.182       1.083   0.0005925       6.318        0.0002151        3.484e-07
                          9        1570       31599       2.038       3.924       1.495   0.0006005       7.458        0.0001084         1.75e-07
                         10        1847       36897       2.054       4.377       1.727   0.0007279       8.159        1.867e-05        1.338e-07
                         11        2349       46794       2.341       5.736       2.578   0.0009938       10.66         0.001025         1.56e-07
                         12        3778       74022       2.303       9.787       4.683     0.00124       16.77          2.4e-05        1.397e-07
                         13        4964       96783       2.359       13.03        7.09    0.001331       22.49        0.0004194        1.308e-07
                         14        5912      114819       2.544       15.74       8.363    0.001614       26.65        1.276e-05        9.776e-08
                         15        7055      136470       2.455       20.04        10.9   0.0002646        33.4        2.573e-05        6.253e-08
